00000100000000000000000000000000100100100100001010010010010010000000000000000000000000000100
00000000000000010000000000000000010010010010010001001001001001000000000000000000000000000010
00100000000000000000000000000001001001001001000100100100100100000000000000000000000000000001
00010000000000000000000000000000100100100100001010010010010010000000000000000000000000010000
00001000000000000000000000000000010010010010010001001001001001000000000000000000000000001000
00000000000000000000000000000000000000000000000000000000000000000000000000000000000000000000
00000000000000000000000000000000000000000000000000000000000000000000000000000000000000000000
00000000000000000000000000000000000000000000000000000000000000000000000000000000000000000000
00000000000000000000000000000000000000000000000000000000000000000000000000000000000000000000
00000000000000000000000000000000000000000000000000000000000000000000000000000000000000000000
