01000000000000010000000000000000000000000000000000000000000000000000000000000000000000000000
01000100000000000000000000000000000000000000000000000000000000000000000000000000000000000000
01001000000000000000000000000000000000000000000000000000000000000000000000000000000000000000
01010000000000000000000000000000000000000000000000000000000000000000000000000000000000000000
01100000000000000000000000000000000000000000000000000000000000000000000000000000000000000000
01000000000000010000000000000100000000000000000000000000000000000000000000000000000000000000
01000100000001000000000000000000000000000000000000000000000000000000000000000000000000000000
01001000000100000000000000000000000000000000000000000000000000000000000000000000000000000000
01010000010000000000000000000000000000000000000000000000000000000000000000000000000000000000
01100001000000000000000000000000000000000000000000000000000000000000000000000000000000000000
01000000000000010000000000000100000000000000100000000000000000000000000000000000000000000000
01000100000001000000000000100000000000000000000000000000000000000000000000000000000000000000
01001000000100000000000100000000000000000000000000000000000000000000000000000000000000000000
01010000010000000000100000000000000000000000000000000000000000000000000000000000000000000000
01100001000000000100000000000000000000000000000000000000000000000000000000000000000000000000
01000000000000010000000000000100000000000000100000000000000000000000000000000000000000000000
00000000000000010000000000000100000000000000000000000000000000000000000000000000000000000000
00000000000000000000000000111000000000000000100000000000000000000000000000000000000000000000
00000000000000000000000000000000000000000000101000000000000001000000000000001000000000000000
00000000000000000000000000000000000000000000110010000000000000001000000000000000000000000000
00000000000000001000000000000010000000000000100000000000000000000000000000000000000000000000
00000000000000010000000000000100000000000000100000000000000000000000000000000000000000000000
00000000000000000000000000011000000000000000100000000000000000000000000000000000000000000000
00000000000000000000000000000000000000000000101000000000000001000000000000000000000000000000
00000000000000000000000000000000000000000000110010000000000000000000000000000000000000000000
00000000000000000000000000000010000000000000100000000000000000000000000000000000000000000000
00000000000000000000000000000100000000000000100000000000000000000000000000000000000000000000
00000000000000000000000000001000000000000000100000000000000000000000000000000000000000000000
00000000000000000000000000000000000000000000101000000000000000000000000000000000000000000000
00000000000000000000000000000000000000000000110000000000000000000000000000000000000000000000
00000000000000000000000000000000000000000000100000000000000000000000000000000000000000000000
00000000000000000000000000000000000000000000000000000000000000000000000000000000000000000000
00000000000000000000000000000000000000000000100000000000000000000000000000000000000000000000
00000000000000000000000000000000000000000000000000000000000000000000000000000000000000000000
00000000000000000000000000000000000000000000100000000000000000000000000000000000000000000000
00000000000000000000000000000000000000000000010000000000000000000000000000000000000000000000
00000000000000000000000000000000000000000000000010000000000000000000000000000000000000000000
00000000000000000000000000000000000000000000000000000000000000000000000000000000000000000000
00000000000000000000000000000000000000000000000000000000000000001000000000000000000000000000
00000000000000000000000000000000000000000000000000000000000000000000000000000000000000000000
00000000000000000000000000000000000000000000000000000000000000001100000000000000000000000000
00000000000000000000000000000000000000000000000001000000000000001000000000000000000000000000
00000000000000000000000000000000000000000000000010000000000000001000000000000000000000000000
00000000000000000000000000000000000000000000000000000000000000011000000000000000000000000000
00000000000000000000000000000000000000000000000000000000000000001000000000000001000000000000
00000000000000000000000000000000000000000000000000000000000000001110000000000000000000000000
00000000000000000000000000000000100000000000000001000000000000001000000000000000000000000000
00000000000000000000000000000000000000000000010010000000000000001000000000000000000000000000
00000000000000000000000000000000000000000000000000000000000000111000000000000000000000000000
00000000000000000000000000000000000000000000000000000000000000001000000000000001000000001000
00000000000000000000000000000000000000000000000000000000000000001111000000000000000000000000
00000000000000000100000000000000100000000000000001000000000000001000000000000000000000000000
00000000000000000000000000000000000000000000110010000000000000001000000000000000000000000000
00000000000000000000000000000000000000000000000000000000000000111000000000001000000000000000
00000000000000000000000000000000000000000000000000000000000000001000000000000001000000001010
00000000000000000000000000000000000000000000000000000000000000000111000000000000000000000000
00000000000000000100000000000000100000000000000001000000000000000000000000000000000000000000
00000000000000000000000000000000000000000000110010000000000000000000000000000000000000000000
00000000000000000000000000000000000000000000000000000000000000110000000000001000000000000000
00000000000000000000000000000000000000000000000000000000000000000000000000000001000000001000
00000000000000000000000000000000000000000000000000000000000000000011000000000000000000000000
00000000000000000100000000000000100000000000000000000000000000000000000000000000000000000000
00000000000000000000000000000000000000000000110000000000000000000000000000000000000000000000
00000000000000000000000000000000000000000000000000000000000000100000000000001000000000000000
00000000000000000000000000000000000000000000000000000000000000000000000000000000000000001000
00000000000000000000000000000000000000000000000000000000000000000001000000000000000000000000
00000000000000000000000000000000000000000000000000010000000000000000000000000000000000000000
00000000000000000000000000000000010000000000000000000000000000000000000000000000000000000000
00000000000000000100000000000000000000000000000000000000000000000000000000000000000000000000
00000000000000001000000000000000000000000000000000000000000000000000000000000000000000000000
00000000000000000000000000000010000000000000000000000000000000000000000000000000000000000000
00000000000000000000000000000000000000000000100000000000000000000000000000000000000000000000
00000000000000000000000000000000000000000000001000000000000000000000000000000000000000000000
00000000000000000000000000000000000000000000000000000000000001000000000000000000000000000000
00000000000000000000000000000000000000000000000000000000000000000000000000001000000000000000
00000000000000000000000000000000000000000000000000000000000000000000000000000100000000000000
00000000000000000000000000000000000000000000000000000000000000000000000000000000000000010000
00000000000000000000000000000000000000000000000000000000000000001001001001001000000000000000
00000000000000000000000000000000000000000000000000000000000000001001001001001000000000000000
00000000000000000000000000000000000000000000000000000000000000001001001001001000000000000000
00000000000000000000000000000000000000000000000000000000000000001001001001001000000000000000
00000000000000000000000000000000000000000000000000000000000000001001001001001000000000000000
00000000000000000000000000000000000000000000000000000000000000001001001001001000000000000000
00000000000000000000000000000000000000000000000000000000000000001001001001001000000000000000
