01000100000001000000000000100000000000000000000000000000000000000000000000000000000000000000
01000000000000010000000000000100000000000000100000000000000000000000000000000000000000000000
01100001000000000100000000000000000000000000000000000000000000000000000000000000000000000000
01010000010000000000100000000000000000000000000000000000000000000000000000000000000000000000
01001000000100000000000100000000000000000000000000000000000000000000000000000000000000000000
00001000000100000000000100000000000000000000000000000000000000000000000000000000000000000000
00000000000100000000000100000000000000000000000000000000000000000000000000000000000000000000
00000000000000000000000100000000000000000000000000000000000000000000000000000000000000000000
00000000000000000000000100000000000000010000000000000000000000000000000000000000000000000000
00000000000000000000000100000000000000010000000000000000010000000000000000000000000000000000
00000000000000000000000100000000000000010000000000000000010000000000000001000000000000000000
00000000000000000000000010000000000000001000000000000000001000000000000000100000000000000000
00000000000000000000000001000000000000000100000000000000000100000000000000010000000000000000
00000000000000000000000000100000000000000010000000000000000010000000000000001000000000000000
00000000000000000000000000010000000000000001000000000000000001100000000000000000000000000000
00000000000000000000000000001000000000000000001100000000000000010000000000000000000000000000
00000000000000000000000000000000000000000000110010000000000000001000000000000000000000000000
00000000000000000000000000000011000000000000000001000000000000000100000000000000000000000000
00000000000000001000000000000000100000000000000000100000000000000010000000000000000000000000
00000000000000000100000000000000010000000000000000010000000000000001000000000000000000000000
00000000000000000010000000000000001000000000000000001000000000000000100000000000000000000000
00000000000000000001000000000000000100000000000000000100000000000000010000000000000000000000
00000000000000000000100000000000000010000000000000000010000000000000001000000000000000000000
00000000000000000000010000000000000001000000000000000001000000000000000100000000000000000000
00000000000000000000001000000000000000100000000000000000100000000000000010000000000000000000
00000000000000000000001000000000000000100000000000000000100000000000000010000000000000000000
