01111100000000010000000000000000000000000000000000000000000000000000000000000000000000000000
00000001010101000000000000000100000000000000000000000000000000000000000000000000000000000000
00000000000000000100100100100000000000000000100000000000000000000000000000000000000000000000
00000000000000000000000000000000110110110110011000000000000000000000000000000000000000000000
00000000000000000000000000000000000000000000000100100100100100000000000000000000000000000000
00000000000000000000000000000000000000000000000000000000000000110110110110110000000000000000
00000000000000000000000000000000000000000000000000000000000000000000000000000010101010100000
00000000000000000000000000000000000000000000000000000000000000000000000000000000000000011111
00000000000000000000000000000000000000000000000000000000000000000000000000000010101010100000
00000000000000000000000000000000000000000000000000000000000000110110110110110000000000000000
00000000000000000000000000000000000000000000000100100100100100000000000000000000000000000000
00000000000000000000000000000000110110110110011000000000000000000000000000000000000000000000
00000000000000000100100100100000000000000000100000000000000000000000000000000000000000000000
00000001010101000000000000000100000000000000000000000000000000000000000000000000000000000000
01111100000000010000000000000000000000000000000000000000000000000000000000000000000000000000
