01001010000100000000000100000001000000000000000000000000100000001000000000000001000010001000
00010000001000000000000000000000000001000000000000000000000000000000001000000000000100000010
01011000010000000000100000000000000000000000000000000100000000000000000000000000001000000000
00000100101000000000100000000000001000000000000000000000000000000001000000000000010000000100
01100001000100010100010000000000000010000000000000100000000000000000000000000000100000000000
00100000000010010000001000000100000001000000100100000010000000000000000000000010000000000000
01000000000001100000000100000000000000100001000000000001000000000000001000001100000000010000
00000100000001100000000010100000000000010000000000000000100100000000000100000000000100100000
01000000000010000000000001000100000000001000000000000000010000000000000011000000000011000011
00001010000100000000000100100000000000000100000000000000101000000000000001000000000011000001
01000001001000000000000000010000000001000010000000000000000100000000001000100000000100110010
00010000110000000000100000001000000000000001000000000100000010000000000000010100001000001000
01000000100000000000000000000000001000000000101000000000000001000001000000001010010000000100
00100001000000000100000000000010000000000000010100100000000000100000000000000001100000000000
01000000000000011000000000000101000000000000100110000000000000010000000000000010100000000000
00000000000000100100000000000000100000000001000001000000000000001000000000001100010000010000
01000100000001000010000000100000010000000000000000100000000100000100000000000000001000100000
00000000000010000001000000000000001000001000000000010000000000000010000001000000000001000001
