00010000000000000000000000000001000000000000000000000000000000000000000000000000000000000000
00000000001000000000000000000000000000000000000010000000000000000000000000000000000000000000
00000000000000000000001000000000000000000000000000000000000000010000000000000000000000000000
00000000000000000000000000000000000000100000000000000000000000000000000000000010000000000000
00000000000000000000000000000000000000000000000000000000100000000000000000000000000000010000
00000000000000000000000000000000000000000000000000000000000000000000000010000000000000000001
00000000000000000000000000000000000000000000000000000000000000000000000000000000000011000000
00000000000000000000000000000000000000000000000000000000000000000000000100000000000000100000
00000000000000000000000000000000000000000000000000000001000000000000000000000100000000000000
00000000000000000000000000000000000001000000000000000000000000100000000000000000000000000000
00000000000000000000010000000000000000000000000100000000000000000000000000000000000000000000
00000000010000000000000000000000000000000000010000000000000000000000000000000000000000000000
00000011000000000000000000000000000000000000000000000000000000000000000000000000000000000000
00100000000000001000000000000000000000000000000000000000000000000000000000000000000000000000
00010000000000000000000000000001000000000000000000000000000000000000000000000000000000000000
