01011010010100100000100100000001000000000001000000000100100000001000000000001101001010011000
01001110100101000000000100100001001000000000000000000000100100001001000000000001010010101100
01001010000100000000000100000001000000000000000000000000100000001000000000000001000010001000
01010000010000100000100000000000000000000001000000000100000000000000000000001100001000010000
01100001000010000100000000000000000000001000000000100000000000000000000001000000100001000001
01000000001000010000000000000100000001000000100100000000000000000000001000000010000100000010
01000100100001000000000000100000001000000000000000000000000100000001000000000000010000100100
01000000000000000100100100100000000000000000100000000000000000001001001001001000000000000000
00000000000000000100100100100000110110110110111011011011011011001001001001001000000000000000
01010000010000100000100000000000000000000001000000000100000000000000000000001100001000010000
00000000000000000000111100000000000100010000000000000111100000000000000000000000000000000000
00000000000000000000011110000000000010001000000000000011110000000000000000000000000000000000
00000000000000000000001111000000000001000100000000000001111000000000000000000000000000000000
00000000000000000000000111100000000000100010000000000000111100000000000000000000000000000000
00000000000000000000000011110000000000010001000000000000011110000000000000000000000000000000
00000000000000000000000001111000000000001000001000000000001111000000000000000000000000000000
00000000000000000000000000111000000000000100110100000000000111000000000000000000000000000000
01010000010000100000100000000000000000000001000000000100000000000000000000001100001000010000
00000000000000000000000000000001111111111111011111111111111111000000000000000000000000000000
00000011111111100000000000000100000000000000000000000000000000000000000000000111111111100000
00000000000000000000000111100000000000100010000000000001000010000000001000001100000100010010
01010000010000010000100000000100000100000000110010001000000000001111000000000000000000000000
00000000000000001100000000000010010000000000101000010000000001000001000000001100010000010100
01010100010001000000100000100000000010000100000000000010001000000000001111000000000000000000
01111111111111111111111111111111111111111111111111111111111111111111111111111111111111111111
00000000000000001111111111111011111111111111111111111111111111000000000000000000000000000000
01111110011100110000011000001110000001100001111100000011100001110000011100001110001110111111
01111111111111111111111111111111111111111111111111111111111111111111111111111111111111111111
01111111111111111011011011011111001001001001000000000000000000000000000000000000000000000000
01111111111111111111111111111111111111111111111111111111111111111111111111111111111111111111
00000000000000000100100100100000110110110110111011011011011011001001001001001000000000000000
01011000001000000100111100100000110110110110111011011011011011001001001001001000000000000000
01111110001000100100111100100100110110110110111011011011011011001001001001001000000000000000
00111100000000010000000000000000000000000000000000000000000000000000000000000000000000000000
00000000000001000000000001010000000000000110000000000000000000000000000000000000000000000000
00000000000000000000000000001110000000000000011000000000000000000000000000000000000000000000
00000000000100001111111111111010000000100000100000000000000000000000000000000000000000000000
00000000001000001111111111111010000001000000100000000000000000000000000000000000000000000000
00000000010000001111111111111010000010000000100000000000000000000000000000000000000000000000
00000000010000001111111111111010000100000000100000000000000000000000000000000000000000000000
00000000100000001111111111111010001000000000100000000000000000000000000000000000000000000000
00000001000000001111111111111010010000000000100000000000000000000000000000000000000000000000
00000001000000001111111111111010100000000000100000000000000000000000000000000000000000000000
00000010000000001111111111111011000000000000100000000000000000000000000000000000000000000000
00000000000000001111111111111110000000000000110000000000000000000000000000000000000000000000
00000000000000001111111111111110000000000000101000000000000000000000000000000000000000000000
00000000000000101111111111111010000000000001100000000000000000000000000000000000000000000000
00000000000001101111111111111010000000000010100000000000000000000000000000000000000000000000
00000000000001101111111111111010000000000100100000000000000000000000000000000000000000000000
00000000000010101111111111111010000000001000100000000000000000000000000000000000000000000000
00000000000100101111111111111010000000010000100000000000000000000000000000000000000000000000
00000000000100101111111111111010000000100000100000000000000000000000000000000000000000000000
00000000001000101111111111111010000001000000100000000000000000000000000000000000000000000000
00000000010000101111111111111010000010000000100000000000000000000000000000000000000000000000
00000000010000101111111111111010000100000000100000000000000000000000000000000000000000000000
00000000100000101111111111111010001000000000100000000000000000000000000000000000000000000000
