00000011111111100000000000000100000000000000000000000000000000000000000000000111111111100000
00000000000000001111111111111010000000000000100000000000000000111111111111111000000000000000
00000000000000000000000000000001111111111111011111111111111111000000000000000000000000000000
00000000000000001111111111111010000000000000100000000000000000111111111111111000000000000000
00000011111111100000000000000100000000000000000000000000000000000000000000000111111111100000
00000000000000000001111000011011001000100010100010001001000010110000111000001000000000000000
00000010111001101010000100100100110000010100000001010000100100001001000100010111011100000000
00111101001110010100000011000000110000001000000000100000011000001110000010100001100010111110
00000011111111100000000000000100000000000000000000000000000000000000000000000111111111100000
00000011111111100000000000000100000000000000000000000000000000000000000000000111111111100000
00000011111111100000000000000100000000000000000000000000000000000000000000000111111111100000
00000011111111100000000000000100000000000000000000000000000000000000000000000111111111100000
