01001000000000000000000000000000000000000000000000000000000000000000000000000000000000000000
00000000001000010000000000000000000000000000000000000000000000000000000000000000000000000000
00000000000000000000010000000100000000000000000000000000000000000000000000000000000000000000
00000000000000000000000000000000000010000000100000000000000000000000000000000000000000000000
00000000000000000000000000000000000000000000010000000100000000000000000000000000000000000000
00000000000000000000000000000000000000000000000010000000000000000000100000000000000000000000
00000000000000000000000000000000000000000000000000000000000000001000000000000000010000000000
00000000000000000000000000000000000000000000000000000000000000000100000000000000100000000000
00000000000000000000000000000000000000000000000000000000000000000010000000000001000000000000
00000000000000000000000000000000000000000000000000000000000000010001000000000000000000000000
00000000000000000000000000000000000000000000000100001000000000000000000000000000000000000000
00000000000000000000000000000000000100000000001000000000000000000000000000000000000000000000
00000000000000000000100000001000000000000000000000000000000000000000000000000000000000000000
00000000010000100000000000000000000000000000000000000000000000000000000000000000000000000000
00010100000000000000000000000000000000000000000000000000000000000000000000000000000000000000
