01000000000000000000000100000000000000000000000000000000000000000000000000000000000000000000
00000000000000010000000000000000000000100000000000000000000000000000000000000000000000000000
00000000000000000000000000000100000000000000000000000001000000000000000000000000000000000000
00000000000000000000000000000000000000000000100000000000000000000000001000000000000000000000
00000000000000000000000000000000000000000000010000000000000000000000000000000000000100000000
00000000000000000000000000000000000000000000000010000000000000000000000000000000000000000010
00000000000000000000000000000000000000000000000000000000000000001000000000000000000000000000
00000000000000000000000000000000000000000000000000000000000000000100000000000000000000010000
00000000000000000000000000000000000000000000000000000000000000000010000000000100000000000000
00000000000000000000000000000000000000000000000000000000000000000001000000001000000000000000
00000000000000000000000000000000000000000000000000001000000010000000000000000000000000000000
00000000000000000000000000000000000100000010000000000000000000000000000000000000000000000000
00000000000000000000100000100000000000000000000000000000000000000000000000000000000000000000
00000000010000000000000001000000000000000000000000000000000000000000000000000000000000000000
00010000000000000000000010000000000000000000000000000000000000000000000000000000000000000000
00000000000000000000000000000000000000000000000000000000000000000000000000000000000000000000
