01000000000000000100100100100000000000000000100000000000000000001001001001001000000000000000
01111111111111111111111111111111111111111111111111111111111111111111111111111111111111111111
00000000000000000000000000000000000000000000000000000000000000000000000000000000000000000000
01000000000000000100100100100000000000000000100111111111111111001001001001001000000000000000
00000000000000000000000000000000000000000000000000000000000000000000000000000000000000000000
01000000000000000100100100100001111111111111111000000000000000001001001001001000000000000000
00000000000000000000000000000000000000000000000000000000000000000000000000000000000000000000
01000000000000000100100100100000000000000000100000000000000000001001001001001111111111100000
00000000000000000000000000000000000000000000000000000000000000000000000000000000000000000000
01000011111111100100100100100100000000000000100000000000000000001001001001001000000000000000
00000000000000000000000000000000000000000000000000000000000000000000000000000000000000000000
01000000000000000100100100100000000000000000100000000000000000001001001001001000000000011111
00000000000000000000000000000000000000000000000000000000000000000000000000000000000000000000
01111100000000010100100100100000000000000000100000000000000000001001001001001000000000000000
00000000000000000000000000000000000000000000000000000000000000000000000000000000000000000000
