00000000010000000000000000000000001000100000000000000000000000000000000000000000000000000000
00000000001000000010000000000000000000010000000000000000000000000000000000000000000000000000
00000001000100000000000000000000000000001000000000000000000000000000000000000000000000000000
00000010000000000000000010000000000000000100000000000000000000000000000000000000000000000000
00000000000000000000000000000000000000001010000000000000000000000000000000000000000000000000
00000000000000000000000000001000000000000001000000000000001000000000000000000000000000000000
00000000000000000000000000000000000000000001001000000000000000000000000000100000000000000000
00000000000000000000000000000000000000000000010000000000000010000000000000000000000000100000
00000000000000000000000000000001000000000000000000000000000000000000000000010000000000010000
00000000000000000000000000000000100000000000000000000000000000000000000000000000000000101000
00000000000000000000000000000000010000000000000000000000000000000000000000000000100000000001
00000000000000000000000000000000001000000000000000000000000000000010000000000000000000000010
00000000000000000000000000000000000100000000000000010000000000000000000000000000001000000000
00000000000000000000000000000000001010000000000000000000000000000000100000000000000000000000
00000000000000000001000000000000000001000000000000001000000000000000000000000000000000000000
00000000010000000000000000000000001000100000000000000000000000000000000000000000000000000000
00000000001000000010000000000000000000010000000000000000000000000000000000000000000000000000
00000001000100000000000000000000000000001000000000000000000000000000000000000000000000000000
00000010000000000000000010000000000000000100000000000000000000000000000000000000000000000000
00000000000000000000000000000100000010001010000000000000000000000000000000000000000000000000
00000000000000000000000000001000000001000001000000000000001000000000000000000000000000000000
00000000000000000000000000000000000000100001001000000000000000000000000000100000000000000000
00000000000000000000000000000000000000010000010000000000000010000000000000000000000000100000
00000000000000000000000000000001000000001000000000000000000000000000000000010000000000010000
00000000000000000000000000000000100000000100000000000000000000000000000000000000000000101000
00000000000000000000000000000000010000000010000000000000000000000000000000000000100000000001
00000000000000000000000000000000001000000001000000000000000000000010000000000000000000000010
00000000000000000000000000000000000100000000001000010000000000000000000000000000001000000000
00000000000000000000000000000000001010000000010000000000000000000000100000000000000000000000
00000000000000000001000000000001000001000000000000001000000000000000000000000000000000000000
00000000000000000000000000000000100000100000000000000000000000000000000000000000000000000000
00000000000000000000000000000000010000000000000000000000100000000000000000000000000000000000
00000000000000000000000000001110001000000000011000000000000000000000000010000000000000000000
00000010000000111000000000010001000100000001000110000000000001000000000000000000000001000000
01100101000001000100000000100000100000000010000001000000000010111000000000001000000000100000
00011000100010000010000001000000010000000100000000100000000100000100000000010111000000000000
00000000011100000001000010000000001000001000000000010000001000100010000000100000100000111000
00000000010000000001111100000000000110010000000100001000010000000001000001000000010001000101
00010000101000000010001000000000001011100000010000001110100000000000100010000000001010000010
01101001000100000100000100000010010000100000000000010011000000000001111100000000000100000000
00000110000010011000000010000000100000010000000000100000100000000010000100000000011100000000
00100000000001100000000001000111000000001000000001000000010000000100000010000000100010000110
00010000000000000000000000111000000000000100110010000000001000001000000001000001000001001001
00000000001000000000000000000000000000000011001100000000000100010000000000100010000000110000
00000000000000000000001000000000000000000000000000000000000011100000000000010100000000000000
