01100101000001111100000000110001100000000010100111000000000011111000000000001000000000000000
01100111000001001100000000101101100000000011110101000000000011111000000000001000000000000000
01100101000001001100000000100010100000000010101001000000000011111000000000001000000000000000
01100111000001001100000000101101100000000011110101000000000011111000000000001000000000000000
00011010100011001010000000100111010000000010110000100000000010111100000000001000000000000000
00000000000000000000000000111000000000000100110010000000001011101000000001011101000001001001
00000000000000000000000000111000000000000111111010000000001011111000000001011111000001011001
00000000000000000000000000111000000000000000110110000000001111001000000001000001000001001001
00000000000000000000000000000000000000000000000000000000000000000000000000000000000000000000
00000000000000000000000000111000000000000100110010000000001011101000000001011101000001001001
00000000000000000000000000111000000000000100110010000000001011101000000001011101000001001001
00000000000000000000000000111000000000000111111010000000001000001000000001001011000001111001
00000000000000001000000000111110100000000000010110100000001111010000000001000001000001001001
00000000000000001000000000111110100000000111011010100000001000110000000001110001000001001001
00000000000000000000000000111000000000000100110010000000001011101000000001011101000001001001
00000000000000000000000000111000000000000100110010000000001011101000000001011101000001001001
00000000000000001000000000111110100000000010100110100000001101000100000001000011000001011001
00000000000000001000000000111110100000000010011110100000001101110000000001000001000001001001
00000000000000001000000000111110100000000010011110100000001101110000000001000001000001001001
00000000000000001000000000111110100000000010011110100000001101110000000001000001000001001001
00000000000000001000000000111110100000000010011110100000001101110000000001000001000001001001
