00111111111111110000000000000100000000000000000000000000000000000000000000000000000000000000
00000000000000000000000000000000000000000000000000000000000000000000000000000000000000000000
01000000000000000000000000000000000000000000000000000000000000000000000000000000000000000000
00000000000000000000000000000000000000000000000000000000000000000000000000000000000000000000
00000000000000000000000000000000000000000000000000000000000000000000000000000000000000011111
00000000000000000000000000000000000000000000000000000000000000000000000000000000000000000000
01000000000000000000000000000000000000000000000000000000000000000000000000000000000000000000
00111111111111110000000000000100000000000000000000000000000000000000000000000000000000000000
00000000000000000000000000000000000000000000000000000000000000000000000000000000000000000000
00111111111111110000000000000100000000000000000000000000000000000000000000000000000000000000
01000000000000000000000000000000000000000000000000000000000000000000000000000000000000000000
00000000000000000000000000000000000000000000000000000000000000000000000000000000000000000000
00000000000000000000000000000000000000000000000000000000000000000000000000000000000000011111
00000000000000000000000000000000000000000000000000000000000000000000000000000000000000000000
01000000000000000000000000000000000000000000000000000000000000000000000000000000000000000000
00000000000000000000000000000000000000000000000000000000000000000000000000000000000000000000
00111111111111110000000000000100000000000000000000000000000000000000000000000000000000000000
00000000000000000000000000000000000000000000000000000000000000000000000000000000000000000000
01000000000000000000000000000000000000000000000000000000000000000000000000000000000000000000
00000000000000000000000000000000000000000000000000000000000000000000000000000000000000000000
00000000000000000000000000000000000000000000000000000000000000000000000000000000000000011111
00000000000000000000000000000000000000000000000000000000000000000000000000000000000000000000
01000000000000000000000000000000000000000000000000000000000000000000000000000000000000000000
00111111111111110000000000000100000000000000000000000000000000000000000000000000000000000000
00111111111111110000000000000100000000000000000000000000000000000000000000000000000000000000
00000000000000000000000000000000000010000000000000000110000000000000111000000000000000000000
00000000000000000000000000000000000000010000000000000000110000000000000111000000000000000000
00000000000000000000000000000000000000000010000000000000000110000000000000111000000000000000
00000000000000000000000000000000000000000000010110000000000000111000000000000000000000000000
00000000000000000000000000000000010000000000000000110000000000000111000000000000000000000000
00000000000000000000000000000000000010000000000000000110000000000000111000000000000000000000
00000000000000000000000000000000000010000000000000000110000000000000111000000000000000000000
00000000000000000000000000000000010000000000000000110000000000000111000000000000000000000000
00000000000000000000000000000000000010000000000000000110000000000000111000000000000000000000
00000000000000000000000000000000000000000010000000000000000110000000000000111000000000000000
00000000000000000000000000000000000000000000010110000000000000111000000000000000000000000000
00000000000000000000000000000000000000000000010110000000000000111000000000000000000000000000
00000000000000000000111100000000000100010000000000000111100000000000000000000000000000000000
00000000000000000000011110000000000010001000000000000011110000000000000000000000000000000000
00000000000000000000001111000000000001000100000000000001111000000000000000000000000000000000
00000000000000000000000111100000000000100010000000000000111100000000000000000000000000000000
00000000000000000000000011110000000000010001000000000000011110000000000000000000000000000000
00000000000000000000000001111000000000001000001000000000001111000000000000000000000000000000
00000000000000000000000000111000000000000100110100000000000111000000000000000000000000000000
00000000000000000000000000011011000000000010100110000000000011000000000000000000000000000000
00000000000000001000000000001010100000000001100111000000000001000000000000000000000000000000
00000000000000001100000000000010010000000000101111100000000000000000000000000000000000000000
00000000000000001110000000000010001000000000010011110000000000000000000000000000000000000000
00000000000000001111000000000001000100000000000001111000000000000000000000000000000000000000
00000000000000000111100000000000100010000000000000111100000000000000000000000000000000000000
00000000000000000011110000000000010001000000000000011110000000000000000000000000000000000000
00000000000000000001111000000000001000100000000000001111000000000000000000000000000000000000
00000000000000000000111100000000000100010000000000000111100000000000000000000000000000000000
00000000000000000000011110000000000010001000000000000011110000000000000000000000000000000000
00000000000000000000001111000000000001000100000000000001111000000000000000000000000000000000
00000000000000000000011110000000000010001000000000000011110000000000000000000000000000000000
00000000000000000000111100000000000100010000000000000111100000000000000000000000000000000000
00000000000000000001111000000000001000100000000000001111000000000000000000000000000000000000
00000000000000000011110000000000010001000000000000011110000000000000000000000000000000000000
00000000000000000111100000000000100010000000000000111100000000000000000000000000000000000000
00000000000000001111000000000001000100000000000001111000000000000000000000000000000000000000
00000000000000001110000000000010001000000000010011110000000000000000000000000000000000000000
00000000000000001100000000000010010000000000101111100000000000000000000000000000000000000000
00000000000000001000000000001010100000000001100111000000000001000000000000000000000000000000
00000000000000000000000000011011000000000010100110000000000011000000000000000000000000000000
00000000000000000000000000111000000000000100110100000000000111000000000000000000000000000000
00000000000000000000000001111000000000001000001000000000001111000000000000000000000000000000
00000000000000000000000011110000000000010001000000000000011110000000000000000000000000000000
01111100000000010000000000000000000000000000000000000000000000000000000000000000000000000000
01111111111111111111111111111110000000000000100000000000000000000000000000000000000000000000
00000011111111101111111111111111111111111111111000000000000000000000000000000000000000000000
00000000000000001111111111111011111111111111111111111111111111000000000000000000000000000000
00000000000000000000000000000001111111111111011111111111111111111111111111111000000000000000
00000000000000000000000000000000000000000000000111111111111111111111111111111111111111100000
00000000000000000000000000000000000000000000000000000000000000111111111111111111111111111111
00000000000000000000000000000000000000000000000000000000000000000000000000000111111111111111
00000000000000000000000000000000000000000000000000000000000000000000000000000000000000011111
00000000000000000000000000000000000000000000000000000000000000000000000000000111111111111111
00000000000000000000000000000000000000000000000000000000000000111111111111111111111111111111
00000000000000000000000000000000000000000000000111111111111111111111111111111111111111100000
00000000000000000000000000000001111111111111011111111111111111111111111111111000000000000000
00000000000000001111111111111011111111111111111111111111111111000000000000000000000000000000
00000011111111101111111111111111111111111111111000000000000000000000000000000000000000000000
00111111111111111111111111111110000000000000100000000000000000000000000000000000000000000000
01111111111111110000000000000100000000000000000000000000000000000000000000000000000000000000
01111100000000010000000000000000000000000000000000000000000000000000000000000000000000000000
01000000000000000000000000000000000000000000000000000000000000000000000000000000000000000000
00000000000000000000000000000000000000000000000000000000000000000000000000000000000000000000
00000000000000000000000000000000000000000000000000000000000000000000000000000000000000000000
00000000000000000000000000000000000000000000000000000000000000000000000000000000000000000000
