00000100000000000000000000000000100100100100001010010010010010000000000000000000000000000100
00000000000000010000000000000000010010010010010001001001001001000000000000000000000000000010
00100000000000000000000000000001001001001001000100100100100100000000000000000000000000000001
00010000000000000000000000000000100100100100001010010010010010000000000000000000000000010000
00001000000000000000000000000000010010010010010001001001001001000000000000000000000000001000
01000001111111011000011000010101000001000001100110000011000001110000011100000010001110011111
01000001010101000000011000000101000001000001000100000011000000110000000000000010001110011101
00000001110111001000011000010001000001000001000010000011000001110000010100000010001010011101
01011010001000110000011000000100000001000000111100000011000000110000011100000010001010011111
00000001110111001000011000010001000001000001000010000011000001110000010100000010001010011101
00000000000000000000011111000000000000000000000000000011111000000000000000000000000000000000
00000000000000000000000111110000000000000000000000000000111110000000000000000000000000000000
00000000000000000000000001111000000000000000100100000000001111000000000000000000000000000000
00000000000000001000000000011010000000000000100111000000000011000000000000000000000000000000
00000000000000001110000000000010000000000000100111110000000000000000000000000000000000000000
00000000000000001111100000000000000000000000000001111100000000000000000000000000000000000000
00000000000000000011111000000000000000000000000000011111000000000000000000000000000000000000
00000000000000000001111000000000000000000000000000001111000000000000000000000000000000000000
00000000000000000000011000000000000000000000000000000011000000000000000000000000000000000000
00000000000000000000001000000000000000000000000000000001000000000000000000000000000000000000
00000000000000000000000000000000000000000000000000000000000000000000000000000000000000000000
00000000000000000000001000000000000001110000000000000001000000000000000000000000000000000000
00000000000000000000010000000000000011110000000000000010000000000000000000000000000000000000
00000000000000000000100000000000000111110000000000000100000000000000000000000000000000000000
00000000000000000001000000000000001111110000000000001000000000000000000000000000000000000000
00000000000000000010000000000000011111110000000000010000000000000000000000000000000000000000
00000000000000000100000000000000111111110000000000100000000000000000000000000000000000000000
00000000000000000000000000000011111111110000010010000000000000000000000000000000000000000000
00000000000000000000000000000001111111110000111100000000000000000000000000000000000000000000
00000000000000000000000000001001111111110001011000000000000001000000000000000000000000000000
00000000000000000000000000010001111111110011011000000000000010000000000000000000000000000000
00000000000000000000000000100001111111110111011000000000000100000000000000000000000000000000
00000000000000000000000001000001111111111111011000000000001000000000000000000000000000000000
00000000000000000000000010000001111111011111011000000000010000000000000000000000000000000000
00000000000000000000000010000001111110011111011000000000010000000000000000000000000000000000
00000000000000000000000010000001111100011111011000000000010000000000000000000000000000000000
00000000000000000000000010000001111000011111011000000000010000000000000000000000000000000000
00000000000000000000000010000001110000011111011000000000010000000000000000000000000000000000
00000000000000000000000010000001100000011111011000000000010000000000000000000000000000000000
00000000000000000000000010000001000000011111011000000000010000000000000000000000000000000000
00000000000000000000000010000000000000011111011000000000010000000000000000000000000000000000
00000000000000000000000010000000000000011111001000000000010000000000000000000000000000000000
00000000000000000000000010000000000000011111000000000000010000000000000000000000000000000000
00000000000000000000000010000000000000011110000000000000010000000000000000000000000000000000
00000000000000000000000010000000000000011100000000000000010000000000000000000000000000000000
00000000000000000000000010000000000000011000000000000000010000000000000000000000000000000000
00000000000000000000000010000000000000010000000000000000010000000000000000000000000000000000
00000000000000000000000000000000000000010000000000000000000000000000000000000000000000000000
01111100000000010000000000000000000000000000000000000000000000000000000000000000000000000000
00100000100000110001000000010000000100000010000000000100000100000000010000100000000111000000
00011000100010000010000001000000010000000100000000100000000100000100000000010111000000000000
01000100000001000000000000100000000000000000000000000000000000000000000000000000000000000000
01000000000000010000000000000100000000000000100000000000000000000000000000000000000000000000
01100001000000000100000000000000000000000000000000000000000000000000000000000000000000000000
01010000010000000000100000000000000000000000000000000000000000000000000000000000000000000000
01001000000100000000000100000000000000000000000000000000000000000000000000000000000000000000
00001000000100000000000100000000000000000000000000000000000000000000000000000000000000000000
00000000000100000000000100000000000000000000000000000000000000000000000000000000000000000000
00000000000000000000000100000000000000000000000000000000000000000000000000000000000000000000
00000000000000000000000100000000000000010000000000000000000000000000000000000000000000000000
00000000000000000000000100000000000000010000000000000000010000000000000000000000000000000000
00000000000000000000000100000000000000010000000000000000010000000000000001000000000000000000
00000000000000000000000010000000000000001000000000000000001000000000000000100000000000000000
00000000000000000000000001000000000000000100000000000000000100000000000000010000000000000000
00000000000000000000000000100000000000000010000000000000000010000000000000001000000000000000
00000000000000000000000000010000000000000001000000000000000001100000000000000000000000000000
00000000000000000000000000001000000000000000001100000000000000010000000000000000000000000000
00000000000000000000000000000000000000000000110010000000000000001000000000000000000000000000
00000000000000000000000000000011000000000000000001000000000000000100000000000000000000000000
00000000000000001000000000000000100000000000000000100000000000000010000000000000000000000000
00000000000000000100000000000000010000000000000000010000000000000001000000000000000000000000
00000000000000000010000000000000001000000000000000001000000000000000100000000000000000000000
00000000000000000001000000000000000100000000000000000100000000000000010000000000000000000000
00000000000000000000100000000000000010000000000000000010000000000000001000000000000000000000
00000000000000000000010000000000000001000000000000000001000000000000000100000000000000000000
00000000000000000000001000000000000000100000000000000000100000000000000010000000000000000000
00000000000000000000001000000000000000100000000000000000100000000000000010000000000000000000
00000000000000000000000000000000000000000000000000000000000000000000000000000000000000000000
00000000000000000000000000001110000000000000011000000000000000000000000000000000000000000000
00000010000000111000000000010001000000000001000110000000000001000000000000000000000000000000
01100101000001000100000000100000100000000010000001000000000010111000000000001000000000000000
00011000100010000010000001000000010000000100000000100000000100000100000000010111000000000000
00000000011100000001000010000000001000001000000000010000001000000010000000100000100000111000
00000000000000000000111100000000000100010000000000001000010000000001000001000000010001000101
00000000000000000000000000000000000011100000000000000100100000000000100010000000001010000010
00000000000000000000000000000000000000000000000000000011000000000000010100000000000100000000
00000000000000000000000000000000000000000000000000000000000000000000001000000000000000000000
00000000000000000000000000000000000000000000100000000000000000000000000000000000000000000000
00000000000000000000000000000000000000000000000000000000000000000000000000000000000000000000
00000000000000000000000000000000000000000000000000000000000000000000000000000000000000000000
00000000000000000000000000000000000000000000000000000000000000000000000000000000000000000000
00000000000000000000000000000000000000000000000000000000000000000000000000000000000000000000
