00000000000000000000000000000000000000000000000000000000000000000000000000000000000000000100
00000000000000000000000000000000000000000000000000000000000000000000000000000000010000000100
00000000000000000000000000000000000000000000000000000000000000000000000000000000010000000000
00000000000000000000000000000000000000000000000000000000000000000001000000000000010000000000
00000000000000000000000000000000001000000000000000000000000000000001000000000000000000000000
00000000000000000000000000000000001000000000000000011000000000000000000000000000000000000000
00000000100000000000000000000000001000000000000000000000000000000000000000000000000000000000
00000000100000000011000000000000000000000000000000000000000000000000000000000000000000000000
01000000100000000000000000000000000000000000000000000000000000000000000000000000000000000000
01110000000000000000000000000000000000000000000000000000000000000000000000000000000000000000
01111100000000010000000000000000000000000000000000000000000000000000000000000000000000000000
01000000000000000000000000000000000000000000000000000000000000000000000000000000000000000000
01111100000000010000000000000000000000000000000000000000000000000000000000000000000000000000
01111101010101010000000000000100000000000000000000000000000000000000000000000000000000000000
01111110101010110000000000000000000000000000000000000000000000000000000000000000000000000000
01111111111111110000000000000100000000000000000000000000000000000000000000000000000000000000
01111111111111111011011011011110000000000000000000000000000000000000000000000000000000000000
01111111111111110100100100100100000000000000100000000000000000000000000000000000000000000000
01111111111111111111111111111110000000000000100000000000000000000000000000000000000000000000
01111111111111110100100100100100000000000000100000000000000000000000000000000000000000000000
01111111111111111111111111111111011011011011110000000000000000000000000000000000000000000000
01111111111111111111111111111110100100100100101000000000000000000000000000000000000000000000
01111111111111111111111111111111011011011011110010010010010010000000000000000000000000000000
01111111111111111111111111111111011011011011110010010010010010000000000000000000000000000000
01111111111111110100100100100100000000000000100000000000000000000000000000000000000000000000
01111111111111111111111111111111011011011011110010010010010010000000000000000000000000000000
01111111111111111111111111111111011011011011110010010010010010000000000000000000000000000000
01000011111111101111111111111111011011011011110010010010010010000000000000000000000000011111
01000000000000001111111111111011011011011011110010010010010010000000000000000101010101011111
01000000000000001111111111111011011011011011110010010010010010000000000000000010101010111111
01000000000000000010010010010011011011011011010111111111111111000000000000000111111111111111
01000000000000000010010010010011011011011011010111111111111111011011011011011111111111111111
01000000000000000010010010010011011011011011010111111111111111111111111111111111111111111111
01000000000000000010010010010011011011011011010111111111111111111111111111111111111111111111
