01111111111111111011011011011111001001001001000000000000000000000000000000000000000000000000
00000000000000000000000000000001001001001001000000000000000000000000000000000000000000000000
00000000000000000000000000000000100100100100001000000000000000000000000000000000000000000000
00000000000000000000000000000000010010010010010000000000000000000000000000000000000000000000
00000000000000000000000000000001001001001001000000000000000000000000000000000000000000000000
00000000000000000000000000000000100100100100001000000000000000000000000000000000000000000000
00000000000000000000000000000000010010010010010000000000000000000000000000000000000000000000
00000000000000000000000000000001001001001001000000000000000000000000000000000000000000000000
00000000000000000000000000000000000000000000000001001001001001000000000000000000000000000000
00000000000000000000000000000000000000000000000100000100100100000000000000000000000000000000
00000000000000000000000000000000000000000000000010010010010010000000000000000000000000000000
00000000000000000000000000000000000000000000000001001001001001000000000000000000000000000000
00000000000000000000000000000000000000000000000100100100100100000000000000000000000000000000
00000000000000000000000000000000000000000000000010010010010010000000000000000000000000000000
00000000000000000000000000000000000000000000000001001001001001000000000000000000000000000000
00000000000000000000000000000000010010010010010000000000000000000000000000000000000000000000
00000000000000000000000000000001001001001001000000000000000000000000000000000000000000000000
00000000000000000000000000000000100100100100001000000000000000000000000000000000000000000000
00000000000000000000000000000000010010010010010000000000000000000000000000000000000000000000
00000000000000000000000000000001001001001001000000000000000000000000000000000000000000000000
00000000000000000000000000000000000000000000000010010010010010000000000000000000000000000000
00000000000000000000000000000000000000000000000000000000000000001001001001001000000000000000
00000000000000000000000000000000000000000000000000000000000000000000000000000101010101000000
00000000000000000000000000000000000000000000000000000000000000000000000000000101010101011111
00000000000000000000000000000000000000000000000000000000000000000000000000000000000000011111
00000000000000000000000000000000000000000000000000000000000000000000000000000101010101000000
00000000000000000000000000000000000000000000000000000000000000001001001001001000000000000000
00000000000000000000000000000000000000000000000010010010010010000000000000000000000000000000
00000000000000000000000000000001001001001001000000000000000000000000000000000000000000000000
00000000000000000000000000000000000000100000000000001000000000000000000000000000000000000000
00000000000000000000000000000000000000010000000000010000000000000000000000000000000000000000
00000000000000000000000000000000000000001000000000100000000000000000000000000000000000000000
00000000000000000000000000000000000000000100000001000000000000000000000000000000000000000000
00000000000000000000000000000000000000000010000010000000000000000000000000000000000000000000
00000000000000000000000000000000000000000001000100000000000000000000000000000000000000000000
00000000000000000000000000000000000000000000001000000000000001000000000000000000000000000000
00000000000000000000000000000000000000000000010000000000000010000000000000000000000000000000
00000000000000000000000000000001000000000000000000000000000100000000000000000000000000000000
00000000000000000000000000000000100000000000000000000000001000000000000000000000000000000000
00000000000000000000000000000000010000000000000000000000010000000000000000000000000000000000
00000000000000000000000000000000001000000000000000000000100000000000000000000000000000000000
00000000000000000000000000000000000100000000000000000001000000000000000000000000000000000000
00000000000000000000000000000000000010000000000000000010000000000000000000000000000000000000
00000000000000000000000000000000000001000000000000000100000000000000000000000000000000000000
00000000000000000000000000000000000000100000000000001000000000000000000000000000000000000000
00000000000000000000000000000000000000010000000000010000000000000000000000000000000000000000
00000000000000000000000000000000000000001000000000100000000000000000000000000000000000000000
00000000000000000000000000000000000000000100000001000000000000000000000000000000000000000000
00000000000000000000000000000000000000000010000010000000000000000000000000000000000000000000
00000000000000000000000000000000000000000001000010000000000000000000000000000000000000000000
00000000000000000000000000000000000000000000001100000000000000000000000000000000000000000000
00000000000000000000000000000000000000000000010000000000000001000000000000000000000000000000
00000000000000000000000000000001000000000000000000000000000010000000000000000000000000000000
00000000000000000000000000000000100000000000000000000000000100000000000000000000000000000000
00000000000000000000000000000000010000000000000000000000001000000000000000000000000000000000
00000000000000000000000000000000001000000000000000000000010000000000000000000000000000000000
00000000000000000000000000000000000100000000000000000000100000000000000000000000000000000000
00000000000000000000000000000000000010000000000000000001000000000000000000000000000000000000
00000000000000000000000000000000000001000000000000000010000000000000000000000000000000000000
00000000000001100000000000010000000000000000000000000000000000000000000000000000000000000000
00000000000000100000000000001100000000000000000000000000000000000000000000000000000000000000
00000010000000000000000000000110000000000000000000000000000000000000000000000000000000000000
00000011000000001000000000000000000000000000000000000000000000000000000000000000000000000000
00000001100000000010000000000000000000000000000000000000000000000000000000000000000000000000
00000000110000000001000000000000000000000000000000000000000000000000000000000000000000000000
00000000011000000000010000000000000000000000000000000000000000000000000000000000000000000000
00000000001100000000001000000000000000000000000000000000000000000000000000000000000000000000
00000000000110000000000010000000000000000000000000000000000000000000000000000000000000000000
00000000000011000000000001000000000000000000000000000000000000000000000000000000000000000000
00000000000011100000000001000000000000000000000000000000000000000000000000000000000000000000
01000000000000000100100100100000000000000000100000000000000000001001001001001000000000000000
00000000000000000000000000000000000000000000000000000000000000000000000000000000000000000000
01000000000000000100100100100000000000000000100111111111111111001001001001001000000000000000
00000000000000000000000000000000000000000000000000000000000000000000000000000000000000000000
01000000000000000100100100100001111111111111111000000000000000001001001001001000000000000000
00000000000000000000000000000000000000000000000000000000000000000000000000000000000000000000
01000000000000000100100100100000000000000000100000000000000000001001001001001111111111100000
00000000000000000000000000000000000000000000000000000000000000000000000000000000000000000000
01000011111111100100100100100100000000000000100000000000000000001001001001001000000000000000
00000000000000000000000000000000000000000000000000000000000000000000000000000000000000000000
01000000000000000100100100100000000000000000100000000000000000001001001001001000000000011111
00000000000000000000000000000000000000000000000000000000000000000000000000000000000000000000
01111100000000010100100100100000000000000000100000000000000000001001001001001000000000000000
00000000000000000000000000000000000000000000000000000000000000000000000000000000000000000000
00000000000000000000000000000000000000000000000000000000000000000000000000000000000000000000
00000000000000000000000000000000000000000000000000000000000000000000000000000000000000000000
