00000000000000000000000000000001111111111111011000000000000000000000000000000000000000000000
01111101010101010100100100100100110110110110111011011011011011001001001001001101010101011111
00000000000000000000000000000000000000000000000000000000000000000000000000000010101010111111
00000000000000000000000000000000000000000000000100100100100100110110110110110010101010100000
00000000000000001011011011011010110110110110011100100100100100110110110110110000000000000000
00000001010101000010010010010110010010010010010000000000000000000000000000000000000000000000
00000000000000000110110110110010010010010010110000000000000000000000000000000000000000000000
00000001010101000100100100100100010010010010110000000000000000000000000000000000000000000000
00000011111111100100100100100100000000000000100000000000000000000000000000000000000000000000
00111111111111110000000000000100000000000000000000000000000000000000000000000000000000000000
01111100000000010000000000000000000000000000000000000000000000000000000000000000000000000000
01000010101010100100100100100001001001001001100100100100100100001001001001001010101010111111
00000011111111100000000000000100000000000000000000000000000000000000000000000111111111100000
00000000000000001111111111111010000000000000100000000000000000111111111111111000000000000000
00000000000000000000000000000001111111111111011111111111111111000000000000000000000000000000
00000000000000001111111111111010000000000000100000000000000000111111111111111000000000000000
00000011111111100000000000000100000000000000000000000000000000000000000000000111111111100000
00000000000000000001111000011011001000100010100010001001000010110000111000001000000000000000
00000010111001101010000100100100110000010100000001010000100100001001000100010111011100000000
00111101001110010100000011000000110000001000000000100000011000001110000010100001100010111110
00000011111111100000000000000100000000000000000000000000000000000000000000000111111111100000
00000011111111100000000000000100000000000000000000000000000000000000000000000111111111100000
00000011111111100000000000000100000000000000000000000000000000000000000000000111111111100000
00000011111111100000000000000100000000000000000000000000000000000000000000000111111111100000
01111111111111111011011011011111001001001001000000000000000000000000000000000000000000000000
00000000000000000000000000000001001001001001000000000000000000000000000000000000000000000000
00000000000000000000000000000000100100100100001000000000000000000000000000000000000000000000
00000000000000000000000000000000010010010010010000000000000000000000000000000000000000000000
00000000000000000000000000000001001001001001000000000000000000000000000000000000000000000000
00000000000000000000000000000000100100100100001000000000000000000000000000000000000000000000
00000000000000000000000000000000010010010010010000000000000000000000000000000000000000000000
00000000000000000000000000000001001001001001000000000000000000000000000000000000000000000000
00000000000000000000000000000000100100100100001000000000000000000000000000000000000000000000
00000000000000000000000000000000010010010010010000000000000000000000000000000000000000000000
00000000000000000000000000000001001001001001000000000000000000000000000000000000000000000000
00000000000000000000000000000000100100100100001000000000000000000000000000000000000000000000
00000000000000000000000000000000010010010010010000000000000000000000000000000000000000000000
00000000000000000000000000000001001001001001000000000000000000000000000000000000000000000000
00000000000000000000000000000000100100100100001000000000000000000000000000000000000000000000
00000000000000000000000000000000010010010010010000000000000000000000000000000000000000000000
00000000000000000000000000000001001001001001000000000000000000000000000000000000000000000000
00000000000000000000000000000000100100100100001000000000000000000000000000000000000000000000
00000000000000000000000000000000010010010010010000000000000000000000000000000000000000000000
00000000000000000000000000000001001001001001000000000000000000000000000000000000000000000000
00000000000000000000000000000000000000000000000010010010010010000000000000000000000000000000
00000000000000000000000000000000000000000000000000000000000000001001001001001000000000000000
00000000000000000000000000000000000000000000000000000000000000000000000000000101010101000000
00000000000000000000000000000000000000000000000000000000000000000000000000000101010101011111
00000000000000000000000000000000000000000000000000000000000000000000000000000000000000011111
00000000000000000000000000000000000000000000000000000000000000000000000000000101010101000000
00000000000000000000000000000000000000000000000000000000000000001001001001001000000000000000
00000000000000000000000000000000000000000000000010010010010010000000000000000000000000000000
00000000000000000000000000000001001001001001000000000000000000000000000000000000000000000000
01000000000000000100100100100000000000000000100000000000000000001001001001001000000000000000
01000000000000000000000000000001111111111111011111111111111111000000000000000000000000000000
01000000000000000100100100100000000000000000100000000000000000001001001001001000000000000000
01000000000000000000000000000001111111111111011111111111111111000000000000000000000000000000
01111100000000010000000000000000000000000000000000000000000000000000000000000000000000011111
01000000000000000100100100100000000000000000100000000000000000001001001001001000000000000000
01111100000000010000000000000000000000000000000000000000000000001000000000000000000000011111
01000000000000000100100100100000000000000000100000000000000000001001001001001000000000000000
01111100000000010000000000000000000000000000000000000000000000000000000000000000000000011111
01000000000000000100100100100000000000000000100000000000000000001001001001001000000000000000
00000000000000000000000000000001111111111111011111111111111111000000000000000000000000000000
01111100000000010000000000000001111111111111011111111111111111000000000000000000000000011111
01111100000000010000000000000000000000000000000000000000000000000000000000000000000000011111
01111101010101011111111111111110110110110110111011011011011011111111111111111101010101011111
01111100000000010000000000000001111111111111011111111111111111000000000000000000000000011111
01000000000000000100100100100000000000000000100000000000000000001001001001001000000000000000
00000000000000000000000000000000000000000000000000000000000000000000000000000000000000000000
01000000000000000100100100100000000000000000100111111111111111001001001001001000000000000000
00000000000000000000000000000000000000000000000000000000000000000000000000000000000000000000
01000000000000000100100100100001111111111111111000000000000000001001001001001000000000000000
00000000000000000000000000000000000000000000000000000000000000000000000000000000000000000000
01000000000000000100100100100000000000000000100000000000000000001001001001001111111111100000
00000000000000000000000000000000000000000000000000000000000000000000000000000000000000000000
01000011111111100100100100100100000000000000100000000000000000001001001001001000000000000000
00000000000000000000000000000000000000000000000000000000000000000000000000000000000000000000
01000000000000000100100100100000000000000000100000000000000000001001001001001000000000011111
00000000000000000000000000000000000000000000000000000000000000000000000000000000000000000000
01111100000000010100100100100000000000000000100000000000000000001001001001001000000000000000
00000000000000000000000000000000000000000000000000000000000000000000000000000000000000000000
00000000000000000000000000000000000000000000000000000000000000000000000000000000000000000000
00000000000000000000000000000000000000000000000000000000000000000000000000000000000000000000
