00000000101001100100000101000111100000011000000001000000010000001100000011000010100010100110
00110011001000000010001000001110001000100001010100001000100010100000100010010100001001100011
00111010101010000010001001000010010000100100010100100000100100100100000010010111000001100000
01100101000001000100000000100000100000000010000111111111111111111000000000001000000000000000
01010100010001000000111100100000000110010100000000001010011000000001001111000000010001000101
01100101000001000100000000100000100000000010000111111111111111111000000000001000000000000000
00000000000000000000000000000000000011100000000111111100111111000000100010000000001010000010
01100101000001001111111111111010100000000010100001000000000010111000000000001000000000000000
01100101000001000100000000100000100000000010000111111111111111111000000000001000000000000000
00000000000000000000000000000000000000000000000000000000000000000000000000000000000000000000
