00000000000111000000001111110000000001100011000000000011000011100000011000001110001100011110
01011100011000110000110000001100000110000000111110001100000000011111100000000001110000000000
00000001110000001111110000000001100011000000000011000011000000011000001100000011000110011011
01111010001100010000001100000110000000110000111100000000110001100000000011111100000001100000
00000011000000001110000000001110011000000001101000011000000011000001100000011100011000110111
01011100011000110000110000001100000110000000111110001100000000011111100000000001110000000000
00000000000000001111111111111011111111111111111000000000000000000000000000000000000000000000
01111001101100000110001100000000011001100000000000011111000000000001111000000000000000000000
00000000000001100000000001111111000000001100110011000000011000001100000011000001100011001111
00011000111110000011000011000000011000001100000000110000001100000110000000110111100000111000
