01000000000000000000000000000000000000000000000000000000000000000000000000000000000000000000
01111100000000010000000000000000000000000000000000000000000000000000000000000000000000000000
00111101010101010000000000000100000000000000000000000000000000000000000000000000000000000000
00000001010101000100100100100100000000000000100000000000000000000000000000000000000000000000
00000000000000000100100100100000110110110110111000000000000000000000000000000000000000000000
00000000000000000000000000000000110110110110011011011011011011000000000000000000000000000000
00000000000000000000000000000000000000000000000011011011011011001001001001001000000000000000
00000000000000000000000000000000000000000000000000000000000000001001001001001101010101000000
00000000000000000000000000000000000000000000000000000000000000000000000000000101010101011111
00000000000000000000000000000000000000000000000000000000000000000000000000000000000000011111
00000000000000000000000000000000000000000000000000000000000000000000000000000101010101011111
00000000000000000000000000000000000000000000000000000000000000001001001001001101010101000000
00000000000000000000000000000000000000000000000011011011011011001001001001001000000000000000
00000000000000000000000000000000110110110110011011011011011011000000000000000000000000000000
00000000000000000100100100100000110110110110111000000000000000000000000000000000000000000000
00000001010101000100100100100100000000000000100000000000000000000000000000000000000000000000
00111101010101010000000000000100000000000000000000000000000000000000000000000000000000000000
00111100000000010000000000000000000000000000000000000000000000000000000000000000000000000000
01000000000000000000000000000000000000000000000000000000000000000000000000000000000000000000
00000000000111000000001111110000000001100011000000000011000011100000011000001110001100011110
01011100011000110000110000001100000110000000111110001100000000011111100000000001110000000000
00000001110000001111110000000001100011000000000011000011000000011000001100000011000110011011
01111010001100010000001100000110000000110000111100000000110001100000000011111100000001100000
00000011000000001110000000001110011000000001101000011000000011000001100000011100011000110111
01011100011000110000110000001100000110000000111110001100000000011111100000000001110000000000
00000000000000001111111111111011111111111111111000000000000000000000000000000000000000000000
01111001101100000110001100000000011001100000000000011111000000000001111000000000000000000000
00000000000001100000000001111111000000001100110011000000011000001100000011000001100011001111
00011000111110000011000011000000011000001100000000110000001100000110000000110111100000111000
01100101000001111100000000110001100000000010100111000000000011111000000000001000000000000000
01100111000001001100000000101101100000000011110101000000000011111000000000001000000000000000
01100101000001001100000000100010100000000010101001000000000011111000000000001000000000000000
01100111000001001100000000101101100000000011110101000000000011111000000000001000000000000000
00011010100011001010000000100111010000000010110000100000000010111100000000001000000000000000
00000000000000000000000000111000000000000100110010000000001011101000000001011101000001001001
00000000000000000000000000111000000000000111111010000000001011111000000001011111000001011001
00000000000000000000000000111000000000000000110110000000001111001000000001000001000001001001
00000000000000000000000000000000000000000000000000000000000000000000000000000000000000000000
00000000000000000000000000111000000000000100110010000000001011101000000001011101000001001001
00000000000000000000000000111000000000000100110010000000001011101000000001011101000001001001
00000000000000000000000000111000000000000111111010000000001000001000000001001011000001111001
00000000000000001000000000111110100000000000010110100000001111010000000001000001000001001001
00000000000000001000000000111110100000000111011010100000001000110000000001110001000001001001
00000000000000000000000000111000000000000100110010000000001011101000000001011101000001001001
00000000000000000000000000111000000000000100110010000000001011101000000001011101000001001001
00000000000000001000000000111110100000000010100110100000001101000100000001000011000001011001
00000000000000001000000000111110100000000010011110100000001101110000000001000001000001001001
00000000000000001000000000111110100000000010011110100000001101110000000001000001000001001001
00000000000000001000000000111110100000000010011110100000001101110000000001000001000001001001
00000000000000001000000000111110100000000010011110100000001101110000000001000001000001001001
00000000000000000000000000000000000000000000000000000000000000000000000000000000000000000000
00000000000000000000000000000000000000000000000000000000000000000000000000000000000000000000
