00000000000000000001000000000000000000000000000000000000000000000000000000000000000000000000
00000000000000000001000000000000000000000000000000000000010000000000000000000000000000000000
00000000000000000001000000000000000000000000000000000000010000000000000000000010000000000000
00000000000000000001000000000000000000000000100000000000010000000000000000000010000000000000
01000000000000000001000000000000000000000000100000000000010000000000000000000010000000000000
01000000000000000001000000000000000000000000100000000010010000000000000000000010000000000000
01000000000000000001000000000000000000000000100000000010010000000000000000000010000000000001
01000000000000000001000000000000000000000010100000000010010000000000000000000010000000000001
01000000000000000001000000000000000000000010100010000010010000000000000000000010000000000001
01000000000000000001000000000000010000000010100010000010010000000000000000000010000000000001
01000000100000000001000000000000010000000010100010000010010000000000000000000010000000000001
01000000100000000001000000000000010001000010100010000010010000000000000000000010000000000001
01000000100000000001000000000000010001010010100010000010010000000000000000000010000000000001
01000000100000000001000000000000010001010010100010000010010000000000000000000010000000000101
01000000100000000001000000001000010001010010100010000010010000000000000000000010000000000101
01000000100000001001000000001000010001010010100010000010010000000000000000000010000000000101
01000000100100001001000000001000010001010010100010000010010000000000000000000010000000000101
01000000100100001001000000001000010001010010100010000010010000000000000000000010000010000101
01000000100100001001000000001000010001010010100010000010010010000000000000000010000010000101
01000000100100001001000000001000010001010010100010000010010010000100000000000010000010000101
01000000100100101001000000001000010001010010100010000010010010000100000000000010000010000101
01000000100100101001000000001000010001010010100010000010010010000101000000000010000010000101
01000000100100101001010000001000010001010010100010000010010010000101000000000010000010000101
01000000100100101001010010001000010001010010100010000010010010000101000000000010000010000101
01000000100100101001010010001000010001010010100010000010010010000101000000000110000010000101
01000000100100101001010010001000010001010110100010000010010010000101000000000110000010000101
01000010100100101001010010001000010001010110100010000010010010000101000000000110000010000101
01000010100100101001010010001000010001010110100010000010010010000101010000000110000010000101
01000010100100101001010110001000010001010110100010000010010010000101010000000110000010000101
01000010100100101001010110001000010001010110100010000010010010000101010000010110000010000101
01000010100100101001010110001010010001010110100010000010010010000101010000010110000010000101
01000010100100111001010110001010010001010110100010000010010010000101010000010110000010000101
01000010100100111001010110001010010011010110100010000010010010000101010000010110000010000101
01000010100100111001010110001010010011011110100010000010010010000101010000010110000010000101
01000010100100111001010110001010010011011110100010000010010010000101010000010110000010001101
01000010100100111001010110001010010011011110101010000010010010000101010000010110000010001101
01010010100100111001010110001010010011011110101010000010010010000101010000010110000010001101
01010010100100111001010110001010010011011110101010000010010010000101110000010110000010001101
01010010100100111001010110001010010011011110101010000010010010000101110001010110000010001101
01010010100100111001010110001010010011011110111010000010010010000101110001010110000010001101
01010010100100111001010110001010011011011110111010000010010010000101110001010110000010001101
01010010100100111001010110001010011011111110111010000010010010000101110001010110000010001101
01010010100100111001010110001010011011111110111010000010010010000101110001010110000010001111
01010010100100111001010110001010011011111110111010000010010010000101110001010110000010001111
01010010100100111001010110001010011011111110111010000010010011000101110001010110000010001111
01010010100100111001010110001010011011111110111010010010010011000101110001010110000010001111
01110010100100111001010110001010011011111110111010010010010011000101110001010110000010001111
01110010100100111001010110001010011011111110111010010010010011000101110101010110000010001111
01110010100100111001010111001010011011111110111010010010010011000101110101010110000010001111
01110010100100111001010111001010011011111110111010010010010011000101110101010110000010011111
01110010100100111001010111001010011011111110111010110010010011000101110101010110000010011111
01110110100100111001010111001010011011111110111010110010010011000101110101010110000010011111
01110110100100111001010111001010011011111110111010110110010011000101110101010110000010011111
01110110100100111001010111001010011011111110111010110110011011000101110101010110000010011111
01110110100100111001010111001010011011111110111010110110011011000101110101010110000010111111
01110110100100111101010111001010011011111110111010110110011011000101110101010110000010111111
01110110101100111101010111001010011011111110111010110110011011000101110101010110000010111111
01110110101100111101010111001010011011111110111010110110011011000101110101010110000110111111
01110110101100111101010111001010011011111110111010110110011111000101110101010110000110111111
01110110101100111101010111001011011011111110111010110110011111000101110101010110000110111111
01110110111100111101010111001011011011111110111010110110011111000101110101010110000110111111
01110110111100111101010111001011011011111110111010110110111111000101110101010110000110111111
01110110111100111101010111001011011011111110111010110110111111000101110101110110000110111111
01110110111100111101010111001011011011111110111110110110111111000101110101110110000110111111
01110111111100111101010111001011011011111110111110110110111111000101110101110110000110111111
01110111111100111101011111001011011011111110111110110110111111000101110101110110000110111111
01110111111100111101011111001011011011111110111110110110111111000101110101110110001110111111
01110111111100111101011111001011011011111110111110110110111111000101110101111110001110111111
01110111111100111101011111001111011011111110111110110110111111000101110101111110001110111111
01110111111100111111011111001111011011111110111110110110111111000101110101111110001110111111
01110111111100111111011111001111011011111110111110110111111111000101110101111110001110111111
01110111111100111111011111001111011011111110111110110111111111000101110101111110001111111111
01110111111100111111011111011111011011111110111110110111111111000101110101111110001111111111
01111111111100111111011111011111011011111110111111110111111111000101110101111110001111111111
01111111111100111111011111011111011111111110111111110111111111000101110101111110001111111111
01111111111100111111011111111111011111111110111111110111111111000101110101111110001111111111
01111111111100111111011111111111011111111110111111110111111111100101110101111110001111111111
01111111111100111111011111111111111111111110111111110111111111100101110101111110001111111111
01111111111100111111111111111111111111111110111111110111111111100101110101111110001111111111
01111111111110111111111111111111111111111110111111110111111111100101110101111110001111111111
01111111111110111111111111111111111111111110111111110111111111110101110101111110001111111111
01111111111110111111111111111111111111111110111111110111111111110101111101111110001111111111
01111111111111111111111111111111111111111110111111110111111111110101111101111110001111111111
01111111111111111111111111111111111111111110111111110111111111111101111101111110001111111111
01111111111111111111111111111111111111111110111111110111111111111101111101111110011111111111
01111111111111111111111111111111111111111111111111110111111111111101111101111110011111111111
01111111111111111111111111111111111111111111111111110111111111111101111101111110111111111111
01111111111111111111111111111111111111111111111111111111111111111101111101111110111111111111
01111111111111111111111111111111111111111111111111111111111111111111111101111110111111111111
01111111111111111111111111111111111111111111111111111111111111111111111101111111111111111111
