00000000000000000000000000000000000000000000000000000000011000000000000010100000000001000000
00000000000000000000000000000000000000000000000000000000000000000000000000000000000000000000
00001100001000100000010000001000000010000000001100000100000000010000100000000001110000000000
00000000000000000000000000000000000000000000000000000000000000000000000000000000000000000000
00000000000000000000000000000000000000000000000000110000000000000101000000000000110000000000
00000000000000000000000000000000000000000000000000000000000000000000000000000000000000000000
00000000000111000000001000010000000001000001000000000010000001100000010000000010001000001100
00000110000010011000000010000000100000010000000000100000100000000010000100000000011100000000
00000000000000000000000000000000000000000000000000000000000000000000000000000000000000000000
00000000000111000000001000010000000001000001000000000010000001100000010000000010001000001100
00000000000000000000000000000000000000000000000000000000000000000000000000000000000000000000
00000000000000000000000000000000000000000000000000000000011000000000000010100000000001000000
00000000000000000000000000000000000000000000000000000000000000000000000000000000000000000000
00001100001000100000010000001000000010000000001100000100000000010000100000000001110000000000
00000000000000000000000000000000000000000000000000000000000000000000000000000000000000000000
00000000000000001100000000000010010000000000101000010000000001000001000000001100010000010100
00000000000000000000000000000000000000000000000000000000000000000000000000000000000000000000
00000000000000000000000000000000000000000000000000000000000011100000000000010100000000000000
01010000010000010000100000000100000100000000110010001000000000001111000000000000000000000000
00000000000000000000000000000000000000000000000000110000011000000100000010100000110001000110
00000000000000000000000000000000000000000000000000000000000000000000000000000000000000000000
00001100001000100000010000001000000010000000001100000100000000010000100000000001110000000000
00000000000000000000000000000000000000000000000000000000000000000000000000000000000000000000
00000000000000000000000000000000000000000000000000110000000000000101000000000000110000000000
00000000000000000000000000000000000000000000000000000000000000000000000000000000000000000000
00000000000111000000001000010000000001000001000000000010000001100000010000000010001000001100
00000110000010011000000010000000100000010000000000100000100000000010000100000000011100000000
00000000000000000000000000000000000000000000000000000000000000000000000000000000000000000000
00000000000111000000001000010000000001000001000000000010000001100000010000000010001000001100
00000000000000000000000000000000000000000000000000000000000000000000000000000000000000000000
00000000000000000000000000000000000000000000000000000000011000000000000010100000000001000000
00000000000000000000000000000000000000000000000000000000000000000000000000000000000000000000
00001100001000100000010000001000000010000000001100000100000000010000100000000001110000000000
00000000000000000000000000000000000000000000000000000000000000000000000000000000000000000000
00000000000000001100000000000010010000000000101000010000000001000001000000001100010000010100
00000000000000000000000000000000000000000000000000000000000000000000000000000000000000000000
00000000000000000000000000000000000000000000000000000000000011100000000000010100000000000000
01010000010000010000100000000100000100000000110010001000000000001111000000000000000000000000
00000000000000000000000000000000000000000000000000000000000000000000000000000000000000000000
00000000000000000000000000000000000000000000000000000000000011100000000000010100000000000000
00000000000000000000000000000000000000000000000000000000000000000000000000000000000000000000
00000000000000000000000000000000000000000000000000000000000000000000000000000000000000000000
00000000000000000000000000000000000000000000000000000000000000000000000000000000000000000000
00000000000000000000000000000000000000000000000000000000000011100000000000010100000000000000
00000000000000000000000000000000000000000000000000000000000000000000000000000000000000000000
00000000000000000000000000000000000000000000000000000000000000000000000000000000000000000000
