00000000000000000000000000000000000000100000000000000010000000000000000000000000000000000000
00000000000000000000000000000000000000010000000000000001000000000000000000000000000000000000
00000000000000000000000000000000000000001000000000000000100000000000000000000000000000000000
00000000000000000000000000000000000000000100000000000000010000000000000000000000000000000000
00000000000000000000000000000000000000000010000000000000001000000000000000000000000000000000
00000000000000000000000000000000000000000001000000000000000100000000000000000000000000000000
00000000000000000000000000000000000000000000001000000000000010000000000000000000000000000000
00000000000000000000000000000000000000000000010000000000000001000000000000000000000000000000
00000000000000000000000000000001000000100000000100000010000000000000000000000000000000000000
00000000000000000000000000000000100000010000000010000001000000000000000000000000000000000000
00000000000000000000000000000000010000001000000001000000100000000000000000000000000000000000
00000000000000000000000000000000001000000100000000100000010000000000000000000000000000000000
00000000000000000000000000000000000100000010000000010000001000000000000000000000000000000000
00000000000000000000000000000000000010000001000000001000000100000000000000000000000000000000
00000000000000000000000000000000000001000000001000000100000010000000000000000000000000000000
00000000000000000000000000000000000000100000010000000010000001000000000000000000000000000000
00000000000000000000000100000001000000000000000100000000000000000000001000000000000000000000
00000000000000000000000010000000100000000000000010000000000000000000000100000000000000000000
00000000000000000000000001000000010000000000000001000000000000000000000010000000000000000000
00000000000000000000000000100000001000000000000000100000000000000000000001000000000000000000
00000000000000000000000000010000000100000000000000010000000000000000000000100000000000000000
00000000000000000000000000001000000010000000000000001000000000000000000000010000000000000000
00000000000000000000000000000000000001000000100000000100000000000000000000001000000000000000
00000000000000000000000000000010000000100000000000000010000000100000000000000000000000000000
00000000000000001000000100000000000000000000000000000000000000010000001000000000000000000000
00000000000000000100000010000000000000000000000000000000000000001000000100000000000000000000
00000000000000000010000001000000000000000000000000000000000000000100000010000000000000000000
00000000000000000001000000100000000000000000000000000000000000000010000001000000000000000000
00000000000000000000100000010000000000000000000000000000000000000001000000100000000000000000
00000000000000000000010000001000000000000000000000000000000000000000100000010000000000000000
00000000000000000000001000000000000000000000100000000000000000000000010000001000000000000000
00000000000100000000000000000010000000000000000000000000000000100000000000000000000100000000
00000000000010001000000000000000000000000000000000000000000000010000000000000000000010000000
00000000000001000100000000000000000000000000000000000000000000001000000000000000000001000000
00000000000000100010000000000000000000000000000000000000000000000100000000000000000000100000
00000000000000000001000000000100000000100000000000000010000000000010000000000100000000000000
00000010000000000000100000000000000000010000000000000001000000000001000000000010000000000000
00000001000000000000010000000000000000001000000000000000100000000000100000000001000000000000
00000000100000000000001000000000000000000100000000000000010000000000010000000000100000000000
00000000010100000000000000000000000000000010000000000000001000000000000000000000010100000000
00000000001010000000000000000000000000100001000000000010000100000000000000000000001010000000
00001000000001000000000000000000000000010000001000000001000010000000000000000000000001000010
00000100000000100000000000000000000000001000010000000000100001000000000000000000000000100001
00000000000000010000000000000101000000000100000100000000010000000000000000000100000000010000
00100010000000000000000000000000100000000010000010000000001000000000000000000010000000001000
00010001000000000000000000000000010000000001000001000000000100000000000000000001000000000100
01000000100000000000000000000000001000000000001000100000000010000000000000000000100000000000
01000000010000000000000000000000000100000000010000010000000001000000000000000000010000000000
01000000001000000000000000000001000010000000000100001000000000000000000000000000001000000000
01001000000000000000000000000000100001000000000010000100000000000000000000000000000000000010
01000100000000000000000000000000010000100000000001000010000000000000000000000000000000000001
00000000000000010000000100000000001000000000000000100000000000000000001000000000000000010000
00100000000000000000000010000000000100000000000000010000000000000000000100000000000000001000
00010000000000000000000001000000000010000000000000001000000000000000000010000000000000000100
01000000000000000000000000100000000001000000000000000100000000000000000001000000000000000000
01000000000000000000000000010000000000100000000000000010000000000000000000100000000000000000
01000000000000000000000100001000000000000000000000000000000000000000001000010000000000000000
01000000000000000000000010000100000000000000000000000000000000000000000100000100000000000000
01000010000000000000000001000000000000000100000000000000000000000000000010000010000000000000
00100000000000000000000000100000000000000010000000000000000000000000000001000001000000000000
00010000000000000000000000010000000000000001000000000000000000000000000000100000100000000000
00001000000000000000000000001000000000000000001000000000000000000000000000010000010000000000
00000100000000000000000000000000000000000000110000000000000000000000000000001000001000000000
00000000000000010000000000000011000000000000000000000000000000100000000000000000000000000010
01000000000000001000000000000000000000000000000000000000000000010000000000000000000000000001
00000000000000000100000000000000000000000000000000000000000000001000000000000000000000010000
00000000000000000010000000000000000000000000000000000000000000000100000000000000000000001000
00000000000000000001000000000000000000000000000000000000000000000010000000000000000000000100
00000000010000000000100000000000000000000000000000000000000000000001000000000000000000000000
00000000001000000000010000000000000000000000000000000000000000000000100000000000000000000000
00001000000000000000001000000000000000000000000000000000000000000000010000000000000000000000
00000000000100010000000000000000000000000000000000000000000000000000000000000000000100000000
00000000000010000000000000000000000000000000000000000000000000000000000000000000000010000000
00000000000001000000000000000000000000000000000000000000000000000000000000000000000001000000
00000000000000100000000000000000000000000000000000000000000000000000000000000000000000100000
00000000000000000000000000000100000000100000000000000010000000000000000000000100000000000000
