00000000000000000000000000000010000000000000000000000000000000000000000000000000000000000000
00000000000000000000000000000001000000000000000000000000000000000000000000000000000000000000
00000000000000000000000000000000100000000000000000000000000000000000000000000000000000000000
00000000000000000100000000000000000000000000000000000000000000000000000000000000000000000000
00000001000000000000000000000000000000000000000000000000000000000000000000000000000000000000
00000010000000000000000000000000000000000000000000000000000000000000000000000000000000000000
00000000000000000100000000000010000000000000000000000000000000000000000000000000000000000000
00000000000000000000000000000001010000000000000000000000000000000000000000000000000000000000
00000000000000000000000000000000101000000000000000000000000000000000000000000000000000000000
00000000000000000101000000000000000000000000000000000000000000000000000000000000000000000000
00000001010000000000000000000000000000000000000000000000000000000000000000000000000000000000
00000010100000000000000000000000000000000000000000000000000000000000000000000000000000000000
00000000000000000101000000000010000000000000000000000000000000000000000000000000000000000000
00000000000000000000100000000001010000000000000000000000000000000000000000000000000000000000
00000000000000000000010000000000101010000000000000000000000000000000000000000000000000000000
00000000001000000101000000000000000000000000000000000000000000000000000000000000000000000000
00001000100000001000000000000000000000000000000000000000000000000000000000000000000000000000
01000000100000001000000000000000000000000000000000000000000000000000000000000000000000000000
01000000100000001000000000000000000000000000000000000000000000000000000000000000000000000000
