00001100001000100000010000001000000010000000001100000100000000010000100000000001110000000000
00000110000010011000000010000000100000010000000000100000100000000010000100000000011100000000
00100000100000110001000000010000000100000010000000000100000100000000010000100000000111000000
00110010001000000000001000000010000000100000010100000000100000100000000010000100000001100000
00011000100010000010000001000000010000000100000000100000000100000100000000010111000000000000
01010000010000010000100000000100000100000000110010001000000000001111000000000000000000000000
01101001000100000100000100000000010000100000000000010001000000000001111000000000000000000000
01010100010001000000100000100000000010000100000000000010001000000000001111000000000000000000
01001000000100010000000100000100000000010000101000000000010001000000000001111000000000000000
01100101000001000100000000100000100000000010000001000000000010111000000000001000000000000000
01010000010000010000100000000100000100000000110010001000000000001111000000000000000000000000
01101001000100000100000100000000010000100000000000010001000000000001111000000000000000000000
01010100010001000000100000100000000010000100000000000010001000000000001111000000000000000000
01001000000100010000000100000100000000010000101000000000010001000000000001111000000000000000
01100101000001000100000000100000100000000010000001000000000010111000000000001000000000000000
00100010100000000001000000000011001000000000000001110000000000000000000000000000000000000000
00010000101000000010001000000000001001000000000000001110000000000000000000000000000000000000
00001000001010000000010001000000000001001000000000000001110000000000000000000000000000000000
00000100000010100000000010001000000000001001000000000000001110000000000000000000000000000000
00000010000000111000000000010001000000000001000110000000000001000000000000000000000000000000
01010000010000010000100000000100000100000000110010001000000000001111000000000000000000000000
01101001000100000100000100000000010000100000000000010001000000000001111000000000000000000000
01010100010001000000100000100000000010000100000000000010001000000000001111000000000000000000
01001000000100010000000100000100000000010000101000000000010001000000000001111000000000000000
01100101000001000100000000100000100000000010000001000000000010111000000000001000000000000000
00001100001000100000010000001000000010000000001100000100000000010000100000000001110000000000
00000110000010011000000010000000100000010000000000100000100000000010000100000000011100000000
00100000100000110001000000010000000100000010000000000100000100000000010000100000000111000000
00110010001000000000001000000010000000100000010100000000100000100000000010000100000001100000
00011000100010000010000001000000010000000100000000100000000100000100000000010111000000000000
