01000000000000000000000000000000000000000000000000000000000000000000000000000000000000000000
00111100000000010000000000000000000000000000000000000000000000000000000000000000000000000000
00000011111111100000000000000100000000000000000000000000000000000000000000000000000000000000
00000000000000001111111111111010000000000000100000000000000000000000000000000000000000000000
00000000000000000000000000000001111111111111011000000000000000000000000000000000000000000000
00000000000000000000000000000000000000000000000111111111111111000000000000000000000000000000
00000000000000000000000000000000000000000000000000000000000000111111111111111000000000000000
00000000000000000000000000000000000000000000000000000000000000000000000000000111111111100010
00000000000000000000000000000000000000000000000000000000000000000000000000000000000000011111
00000000000000000000000000000000000000000000000000000000000000000000000000000111111111111111
00000000000000000000000000000000000000000000000000000000000000111111111111111111111111111111
00000000000000000000000000000000000000000000000111111111111111111111111111111111111111111111
00000000000000000000000000000001111111111111011111111111111111111111111111111111111111111111
00000000000000001111111111111011111111111111111111111111111111111111111111111111111111111111
00000011111111101111111111111111111111111111111111111111111111111111111111111111111111111111
00111111111111111111111111111111111111111111111111111111111111111111111111111111111111111111
01111111111111111111111111111111111111111111111111111111111111111111111111111111111111111111
00111111111111111111111111111111111111111111111111111111111111111111111111111111111111111111
01000011111111101111111111111111111111111111111111111111111111111111111111111111111111111111
01111100000000011111111111111011111111111111111111111111111111111111111111111111111111111111
01111111111111110000000000000101111111111111011111111111111111111111111111111111111111111111
01111111111111111111111111111110000000000000100111111111111111111111111111111111111111111111
01111111111111111111111111111111111111111111111000000000000000111111111111111111111111111111
01111111111111111111111111111111111111111111111111111111111111000000000000000111111111111111
01111111111111111111111111111111111111111111111111111111111111111111111111111000000000011111
01111111111111111111111111111111111111111111111111111111111111111111111111111111111111100000
01111111111111111111111111111111111111111111111111111111111111111111111111111000000000000000
01111111111111111111111111111111111111111111111111111111111111000000000000000000000000000000
01111111111111111111111111111111111111111111111000000000000000000000000000000000000000000000
01111111111111111111111111111110000000000000100000000000000000000000000000000000000000000000
01111111111111110000000000000100000000000000000000000000000000000000000000000000000000000000
01111100000000010000000000000000000000000000000000000000000000000000000000000000000000000000
01000000000000000000000000000000000000000000000000000000000000000000000000000000000000000000
00000000000000000000000000000000000000000000000000000000000000000000000000000000000000000000
