00000000000000000000000000000001111111111111011000000000000000000000000000000000000000000000
01111101010101010100100100100100110110110110111011011011011011001001001001001101010101011111
00000000000000000000000000000000000000000000000000000000000000000000000000000010101010111111
00000000000000000000000000000000000000000000000100100100100100110110110110110010101010100000
00000000000000001011011011011010110110110110011100100100100100110110110110110000000000000000
00000001010101000010010010010110010010010010010000000000000000000000000000000000000000000000
00000000000000000110110110110010010010010010110000000000000000000000000000000000000000000000
00000001010101000100100100100100010010010010110000000000000000000000000000000000000000000000
00000011111111100100100100100100000000000000100000000000000000000000000000000000000000000000
00111111111111110000000000000100000000000000000000000000000000000000000000000000000000000000
01111100000000010000000000000000000000000000000000000000000000000000000000000000000000000000
01000010101010100100100100100001001001001001100100100100100100001001001001001010101010111111
