01111111111111111111111111111111111111111111111111111111111111111111111111111111111111111111
00000000000000000000000000000001111111111111011111111111111111000000000000000000000000000000
01111111111111111111111111111111111111111111111111111111111111111111111111111111111111111111
00000000000000000000000000000001111111111111011111111111111111000000000000000000000000000000
01111111111111111111111111111111111111111111111111111111111111111111111111111111111111111111
00000000000000000000000000000001111111111111011111111111111111000000000000000000000000000000
01111111111111111111111111111111111111111111111111111111111111111111111111111111111111111111
00000000000000000000000000000001111111111111011111111111111111000000000000000000000000000000
01111111111111111111111111111111111111111111111111111111111111111111111111111111111111111111
00000000000000000000000000000001111111111111011111111111111111000000000000000000000000000000
01111111111111111111111111111111111111111111111111111111111111111111111111111111111111111111
00000000000000000000000000000001111111111111011111111111111111000000000000000000000000000000
01111111111111111111111111111111111111111111111111111111111111111111111111111111111111111111
00000000000000000000000000000000000000000000000000000000000000000000000000000111111111111111
01111111111111111111111111111111111111111111111111111111111111111111111111111111111111111111
00000000000000000000000000000000000000000000000000000000000000000000000000000111111111111111
01111111111111111111111111111111111111111111111111111111111111111111111111111111111111111111
01111111111111110000000000000100000000000000000000000000000000000000000000000000000000000000
01111111111111111111111111111111111111111111111111111111111111111111111111111111111111111111
01111111111111110000000000000100000000000000000000000000000000000000000000000000000000000000
01111111111111111111111111111111111111111111111111111111111111111111111111111111111111111111
00000000000000000000000000000000000000000000000000000000000000000000000000000111111111111111
01111111111111111111111111111111111111111111111111111111111111111111111111111111111111111111
01111111111111110000000000000100000000000000000000000000000000000000000000000000000000000000
01111111111111111111111111111111111111111111111111111111111111111111111111111111111111111111
00000011111111101111111111111111111111111111111000100000000000000000000000000000000000000000
00000000000000001111111111111011111111111111111000000000000000000000000000000000000000000000
01111111111111111111111111111111111111111111111111111111111111111111111111111111111111111111
00000000000000000000000000000001111111111111011111111111111111000000000000000000000000000000
01111111111111111111111111111111111111111111111111111111111111111111111111111111111111111111
00000000000000000000000000000001111111111111011111111111111111111111111111111111111111100000
01111111111111111111111111111111111111111111111111111111111111111111111111111111111111111111
00000000000000000000000000000001111111111111011111111111111111111111111111111111111111100000
00000000000000000000000000000001111111111111011111111111111111111111111111111000000000000000
01111111111111111111111111111111111111111111111111111111111111111111111111111111111111111111
01111111111111111111111111111111111111111111111111111111111111111111111111111111111111111111
01111111111111111111111111111111111111111111111111111111111111111111111111111111111111111111
00000000000000000000000000000001001001001001000100100100100100000000000000000000000000000000
01111111111111111111111111111111111111111111111111111111111111111111111111111111111111111111
00000000000000000000000000000000010010010010010001001001001001000000000000000000000000000000
01111111111111111111111111111111111111111111111111111111111111111111111111111111111111111111
00000000000000000000000000000000000000000111001000000000000111000000000000000000000000000000
01111111111111111111111111111111111111111111111111111111111111111111111111111111111111111111
00000000000000000000000000000000000000011110000000000000011100000000000000000000000000000000
01111111111111111111111111111111111111111111111111111111111111111111111111111111111111111111
00000000000000000000000000000000000001111000000000000001110000000000000000000000000000000000
01111111111111111111111111111111111111111111111111111111111111111111111111111111111111111111
00000000000000000000000000000000000111100000000000000111000000000000000000000000000000000000
01111111111111111111111111111111111111111111111111111111111111111111111111111111111111111111
00000000000000000000000000000000011110000000000000011100000000000000000000000000000000000000
01111111111111111111111111111111111111111111111111111111111111111111111111111111111111111111
00000000000000000000000000000001111000000000000001110000000000000000000000000000000000000000
01111111111111111111111111111111111111111111111111111111111111111111111111111111111111111111
00000000000000000000000000000001100000000000011111000000000000000000000000000000000000000000
01111111111111111111111111111111111111111111111111111111111111111111111111111111111111111111
01111111111111111111111111111111111111111111111111111111111111111111111111111111111111111111
01111111111111111111111111111111111111111111111111111111111111111111111111111111111111111111
00000000000000000000000000000000000000000011011100000000000011000000000000000000000000000000
01111111111111111111111111111111111111111111111111111111111111111111111111111111111111111111
00000000000000000000000000000000000000000011011100000000000011000000000000000000000000000000
01111111111111111111111111111111111111111111111111111111111111111111111111111111111111111111
00000000000000000000000000000000000000000011011100000000000011000000000000000000000000000000
01111111111111111111111111111111111111111111111111111111111111111111111111111111111111111111
00000000000000000000000000000000000000000011011100000000000011000000000000000000000000000000
01111111111111111111111111111111111111111111111111111111111111111111111111111111111111111111
00000000000000000000000000000000000000000011011100000000000011000000000000000000000000000000
01111111111111111111111111111111111111111111111111111111111111111111111111111111111111111111
00000000000000000000000000000000000000000011011100000000000011000000000000000000000000000000
01111111111111111111111111111111111111111111111111111111111111111111111111111111111111111111
00000000000000000000000000000000000000000011011100000000000011000000000000000000000000000000
00000011000000001000000000111111110000000111111111100000000111111010000000011110000000111001
00000011000000001000000000111111110000000111111111100000000111111010000000011110000000111001
01111111111111111111111111111111111111111111111111111111111111111111111111111111111111111111
00000011000000001000000000111111110000000111111111100000000111111010000000011110000000111001
01111111111111111111111111111111111111111111111111111111111111111111111111111111111111111111
00000011000000001000000000111111110000000111111111100000000111111010000000011110000000111001
01111111111111111111111111111111111111111111111111111111111111111111111111111111111111111111
00000011000000001000000000111111110000000111111111100000000111111010000000011110000000111001
01111111111111111111111111111111111111111111111111111111111111111111111111111111111111111111
00000011000000001000000000111111110000000111111111100000000111111010000000011110000000111001
01111111111111111111111111111111111111111111111111111111111111111111111111111111111111111111
01111000111110000111111111000000011111100011011100010111000011000000001000000000000000000000
01111111111111111111111111111111111111111111111111111111111111111111111111111111111111111111
01111000111110000111111111000000011111100011011100010111000011000000001000000000000000000000
01111111111111111111111111111111111111111111111111111111111111111111111111111111111111111111
01111000111110000111111111000000011111100011011100010111000011000000001000000000000000000000
01111111111111111111111111111111111111111111111111111111111111111111111111111111111111111111
01111000111110000111111111000000011111100011011100010111000011000000001000000000000000000000
01111111111111111111111111111111111111111111111111111111111111111111111111111111111111111111
00110010001000000000001000000010000000100000010100000000100000100000000000000100000001100000
00100000100000110001000000010000000100000010000000000100000100000000010000100000000111000000
01111111111111111111111111111111111111111111111111111111111111111111111111111111111111111111
