01001000000100000000000100000000000000000000000000000000100000000000000000000000000010000000
01010000001000000000000000000000000001000000000000000000000000000000001000000000000100000010
01011000010000000000100000000000000000000000000000000100000000000000000000000000001000000000
01000100101000000000100000000000001000000000000000000000000000000001000000000000010000000100
01100001000100010100010000000000000010000000000000100000000000000000000000000000100000000000
01100000000010010000001000000100000001000000100100000010000000000000000000000010000000000000
01000000000001100000000100000000000000100001000000000001000000000000001000001100000000010000
01000100000001100000000010100000000000010000000000000000100100000000000100000000000100100000
01000000000010000000000001000100000000001000000000000000010000000000000011000000000011000011
00000010000000000000000000100000000000000100000000000000001000000000000001000000000001000001
00000001000000000000000000010000000000000010000000000000000100000000000000100000000000110000
00000000100000000000000000001000000000000001000000000000000010000000000000010100000000001000
00000000000000000000000000000000000000000000101000000000000001000000000000001010000000000100
00000000000000000000000000000010000000000000010100000000000000100000000000000001000000000000
00000000000000001000000000000001000000000000000010000000000000010000000000000000100000000000
00000000000000000100000000000000100000000000000001000000000000001000000000000000010000000000
00000000000000000010000000000000010000000000000000100000000000000100000000000000001000000000
00000000000000000001000000000000001000000000000000010000000000000010000000000000000000000000
00000000000000000000000000000000000100000000000000001000000000000001000000000000000000000000
00000000000000000000000000000000000000000000000000000100000000000000100000000000000000000000
00000000000000000000000000000000000000000000000000000000000000000000010000000000000000000000
