00011000000000010000000000000000000000000000000000000000000000000000000000000000000000000000
00110100000000000000000000000000000000000000000000000000000000000000000000000000000000000000
00101000000000010000000000000000000000000000000000000000000000000000000000000000000000000000
00010100000000010000000000000000000000000000000000000000000000000000000000000000000000000000
00101100000000000000000000000000000000000000000000000000000000000000000000000000000000000000
00111100000000010000000000000000000000000000000000000000000000000000000000000000000000000000
00110100001110010000000000000000000000000000000000000000000000000000000000000000000000000000
00110100001010010000001110000000000000000000000000000000000000000000000000000000000000000000
00110100001010010000001010000000000000110000000000000000000000000000000000000000000000000000
01010100001010000000001010000000000000110000000000000000000000000000000000000000000000000000
00001000001010000000001010000000000000110000000000000000000000000000000000000000000000000000
00000000000100000000001010000000000000110000000000000000000000000000000000000000000000000000
00000000000000000000001010000000000000100000000000000000000000000000000000000000000000000000
00000000000100000000001000000000000000010000000000000000000000000000000000000000000000000000
00000000000100000000000010000000000000100000000000000000000000000000000000000000000000000000
00000000000000000000001010000000000000010000000000000000000000000000000000000000000000000000
00000000000100000000001010000000000000110000000000000000000000000000000000000000000000000000
00000000000100000000001010000000000000101000000000000000110000000000000000000000000000000000
00000000000100000000001010000000000000101000000000000000101000000000000011000000000000000000
00000000000100000000001010000000000000101000000000000000101000000000000010100000000001000000
00000000000000000000000110000000000000101000000000000000101000000000000010100000000001000000
00000000000000000000000000000000000000011000000000000000101000000000000010100000000001000000
00000000000000000000000000000000000000000000000000000000011000000000000010100000000001000000
00000000000000000000000000000000000000000000000000000000010000000000000000100000000001000000
00000000000000000000000000000000000000000000000000000000001000000000000010000000000001000000
00000000000000000000000000000000000000000000000000000000010000000000000010100000000000000000
00000000000000000000000000000000000000000000000000000000011000000000000000000000000001000000
00000000000000000000000000000000000000000000000000000000001000000000000010100000000000000000
00000000000000000000000000000000000000000000000000000000011000000000000010100000000001000000
00000000000000000000000000000000000000001100000000000000010100000000000010100000000001000000
00000000000000000000000001100000000000001010000000000000010100000000000010100000000001000000
00000000000001000000000001010000000000001010000000000000010100000000000010100000000001000000
00000000000001000000000001010000000000001010000000000000010100000000000001100000000000000000
00000000000001000000000001010000000000001010000000000000001100000000000000000000000000000000
00000000000001000000000001010000000000000110000000000000000000000000000000000000000000000000
00000000000001000000000000010000000000000100000000000000000000000000000000000000000000000000
00000000000000000000000001010000000000000010000000000000000000000000000000000000000000000000
00000000000001000000000000000000000000000110000000000000000000000000000000000000000000000000
00000000000000000000000001010000000000000100000000000000000000000000000000000000000000000000
00000000000001000000000001000000000000000010000000000000000000000000000000000000000000000000
00000000000001000000000000010000000000000100000000000000000000000000000000000000000000000000
00000000000000000000000001010000000000000010000000000000000000000000000000000000000000000000
00000000000001000000000001010000000000000110000000000000000000000000000000000000000000000000
00000000000001000000000001010000000000000101000000000000000110000000000000000000000000000000
00000000000001000000000001010000000000000101000000000000000101000000000000011000000000000000
00000000000001000000000001010000000000000101000000000000000101100000000000010100000000000000
00000000000000000000000000110000000000000101000000000000000101100000000000010100000000000000
00000000000000000000000000000000000000000011000000000000000101100000000000010100000000000000
00000000000000000000000000000000000000000000000000000000000011100000000000010100000000000000
00000000000000000000000000000000000000000000000000000000000010100000000000000100000000000000
00000000000000000000000000000000000000000000000000000000000001000000000000010100000000000000
00000000000000000000000000000000000000000000000000000000000010100000000000010000000000000000
00000000000000000000000000000000000000000000000000000000000011000000000000000100000000000000
00000000000000000000000000000000000000000000000000000000000001100000000000010000000000000000
00000000000000000000000000000000000000000000000000000000000011100000000000010100000000000000
00000000000000000000000000000000000000000000000000000000000011100000000000010010000000110000
00000000000000000000000000000000000000000000000000000000000011100000000000010010000000101001
00000000000000000000000000000000000000000000000000000000000011100000000000010010000000101111
00000000000000000000000000000000000000000000000000000000000011100000000000010010111000101011
00000000000000000000000000000000000000000000000000000000000011100011100000010010101000101011
00000000000000000000000000000000000000000000000000011000000011100010100000010010101000101011
00000000000000000000000000000000000000000000000000011000000000100010100000011010101000101011
00000000000000000000000000000000000000000000000000011000000000000010100000000110101000101011
00000000000000000000000000000000000000000000000000011000000000000010100000000000101000011011
00000000000000000000000000000000000000000000000000011000000000000010100000000000101000001010
00000000000000000000000000000000000000000000000000011000000000000010100000000000101000000100
00000000000000000000000000000000000000000000000000011000000000000010100000000000010000000000
00000000000000000000000000000000000000000000000000011000000000000000000000000000010000000000
00000000000000000000000000000000000000000000000000001000000000000010100000000000000000000000
00000000000000000000000000000000000000000000000000010000000000000000100000000000010000000000
00000000000000000000000000000000000000000000000000001000000000000010000000000000010000000000
00000000000000000000000000000000000000000000000000010000000000000010100000000000000000000000
00000000000000000000000000000000000000000000000000011000000000000010100000000000010000000000
00000000000000000000000000000000000000000000000000011100000000000010010000000000011000000000
00000000000000000000000000000000000000000000000000011110000000000010001000000000011100000000
00000000000000000000000000000000000000000000000000011111000000000010000100000000011100000000
00000000000000000000000000000000000000000000000000001111000000000001000100000000011100000000
00000000000000000000000000000000000000000000000000000111000000000000100100000000001100000000
00000000000000000000000000000000000000000000000000000011000000000000010100000000000100000000
00000000000000000000000000000000000000000000000000000001000000000000010100000000000000000000
00000000000000000000000000000000000000000000000000000010000000000000000100000000000100000000
00000000000000000000000000000000000000000000000000000001000000000000010000000000000100000000
00000000000000000000000000000000000000000000000000000010000000000000010100000000000000000000
00000000000000000000000000000000000000000000000000000011000000000000000000000000000100000000
00000000000000000000000000000000000000000000000000000011000000000000010100000000000100000000
00000000000000000000000000000000000000000000000000000011000000000000010100000000000100000000
00000000000000000000000000000000000000000000000000000011000000000000010100000000000100000000
00000000000000000000000000000000000000000000000000000011000000000000010100000000000100000000
