01000000000111100000001001010111000001001001000001000010010001100100010010000010101010011111
00111110001010111000010010001000100010010000001100100100100000010010100100000001111100000000
01111001010100010100100100000100010100100000110010011001000000001111111000000111111111100000
00000011111111101010010000001101001001000001000010001001000010010000100100010010001010110011
00110010101000110001001000010010000100100010010100000100100100111111111111111100000111100000
00000000000111101111111111111111000001001001100001000010010001100100010010000010101010001110
00001110001010111000010010001000100010010000001111111111111111010010100100000001111100000000
01111001010100010100100100000101111111111111111010011001000000001111111000000000000000000000
00000011110000001010010000001101111111111111011010001001000010010000100100010010001010110011
00110010101000110001001000010010000100100010010111111111111111100000010010100100000111100000
00000000000111101111111111111111000001001001100001000010010001100100010010000010101010001110
00001110001010111000010010001000100010010000001100100100100000111111111111111001111100000000
01111011111111110100100100000100010100100000110010011001000000001111111000000000000000000000
00000011110000001010010000001101001001000001000010001001000010010000100100010111111111110011
00111110101000110001001000010010000100100010010100000100100100100000010010100100000111100000
