00000000000000000000000000000000000000000000100000000000000000000000000000000000000000000000
00000000000000000000000000001110000000000000011000000000000000000000000000000000000000000000
00000010000000100000000000000001000000000001000100000000000000000000000000000000000000000000
00000101000000000000000000000000000000000010000001000000000000100000000000000000000000000000
00001000000000000010000000000000000000000100000000000000000000000100000000000100000000000000
00000000001000000000000000000000001000001000000000000000000000000000000000000000100000100000
00000000000000000000010000000000000000010000000000001000000000000000000000000000000001000100
00000000000000000000000000000000000010100000000000000000000000000000100010000000000000000010
00000000000000000000000000000000000000000000000000000011000000000000010100000000000100000000
00000000000000000000000000000000000000000000000000000000000000000000001000000000000000000000
00000000000000000000000000000000000000000000000000000011000000000000010100000000000100000000
00000000000000000000000000000000000010100000000000000000000000000000100010000000000000000010
00000000000000000000010000000000000000010000000000001000000000000000000000000000000001000100
00000000001000000000000000000000001000001000000000000000000000000000000000000000100000100000
00001000000000000010000000000000000000000100000000000000000000000100000000000100000000000000
00000101000000000000000000000000000000000010000001000000000000100000000000000000000000000000
00000010000000100000000000000001000000000001000100000000000000000000000000000000000000000000
00000000000000000000000000001110000000000000011000000000000000000000000000000000000000000000
