00000000000000000000000000000000000110000000000000000000000000000000000000000000000000000000
00000000000000000000000000000000001001000000000000000000000000000000000000000000000000000000
00000000000000000000000000000000010000100000000000000000000000000000000000000000000000000000
00000000000000000000000000000000100000010000000000000000000000000000000000000000000000000000
00000000000000000000000000000001000000001000000000000000000000000000000000000000000000000000
00000000000000000000000000000000000000000100010000000000000000000000000000000000000000000000
00000000000000000000000000000000000000000010001000000000000000000000000000000000000000000000
00000000000000000000000000000000000000000001000000000000000000000000000000000000000000000000
00000000000000000000000000000000000000000010001000000000000000000000000000000000000000000000
00000000000000000000000000000000000000000100010000000000000000000000000000000000000000000000
00000000000000000000000000000001000000001000000000000000000000000000000000000000000000000000
00000000000000000000000000000000100000010000000000000000000000000000000000000000000000000000
00000000000000000000000000000000010000100000000000000000000000000000000000000000000000000000
00000000000000000000000000000000001001000000000000000000000000000000000000000000000000000000
