00010000011000000000101000000000000011000000000000000010000000000000110000000000001000000000
00100001000000000101000000000000011000000000000000010000000000000000110000000000001000000000
00000000000000011000000000000101000000000000110010000000000000001111110000000000001000000000
00000100000001000000000000101000000000000011000000000000000010000000110000001100001000011100
00001000000100000000000101000000000000011000000000000000010000000000111110000000001000000000
00000000000000000000000000000000000000100000000000000001000000000000111010000000001110000010
00000000000000000000000000000000000100000000000000001000000000000001110000000000011000000100
00000000000000000000000000000000100000000000000001000000000000001010110000000001101000001100
00000000000000000000000000000000000000000000001000000000000001010000110000001110001000010011
00000000000000000000000000000000000000000100000000000000001000000000110001010000001001100011
00000000000000000000000000000000000000000000000000000000000000000000110000000000001000000000
00000000000000000000000000000000000000000000000000000000000000000000110000000000001000000000
00000000000000000000000000000000000000000000000000000000000000000000110000000000001000000000
00000000000000000000000000000000000000000000000000000000000000000000110000000000001000000000
00111101011101011101101101101101011011011011110010010010010010001111111110001100001000011100
00000000000000000000000000000000000000000000000000000000000000000000000000000000000000000000
00000000000000000000000000000000100100100100001001001001001001011011111011011111111111111111
00000000000000000000000000000000000000000000000000000000000000000000000000000000000000000000
00111101011101011101101101101101111111111111111011011011011011011111111111011111111111111111
