00000000000000000001010000000000001110000000000000010100000000000000000000000000000000000000
00000000000000000001010000000000001110000000000000010100000000000000000000000000000000000000
00000000000000000001010000000000001110000000000000010100000000000000000000000000000000000000
00000000000000000001010000000000001110000000000000010100000000000000000000000000000000000000
00000000000000000001010000000000001110000000000000010100000000000000000000000000000000000000
00000000000000000001010000000000001110000000000000010100000000000000000000000000000000000000
00000000000000000001010000000000001110000000000000010100000000000000000000000000000000000000
00000000000000000001010000000000001110000000000000010100000000000000000000000000000000000000
00000000000000000001010000000000001110000000000000010100000000000000000000000000000000000000
00000000000000000001100000000000001010000000000000001100000000000000000000000000000000000000
00000000000000000001100000000000001010000000000000001100000000000000000000000000000000000000
00000000000000000001100000000000001010000000000000001100000000000000000000000000000000000000
00000000000000000001100000000000001010000000000000001100000000000000000000000000000000000000
00000000000000000001100000000000001010000000000000001100000000000000000000000000000000000000
00000000000000000001100000000000001010000000000000001100000000000000000000000000000000000000
00000000000000000001100000000000001010000000000000001100000000000000000000000000000000000000
00000000000000000001100000000000001010000000000000001100000000000000000000000000000000000000
00000000000000000001100000000000001010000000000000001100000000000000000000000000000000000000
00000000000000000001100000000000001010000000000000001100000000000000000000000000000000000000
00000000000000000010010000000000001110000000000000001100000000000000000000000000000000000000
00000000000000000010010000000000001110000000000000001100000000000000000000000000000000000000
00000000000000000010010000000000001110000000000000001100000000000000000000000000000000000000
00000000000000000010010000000000001110000000000000001100000000000000000000000000000000000000
00000000000000000010010000000000001110000000000000001100000000000000000000000000000000000000
00000000000000000010010000000000001110000000000000001100000000000000000000000000000000000000
00000000000000000010010000000000001110000000000000001100000000000000000000000000000000000000
00000000000000000010010000000000001110000000000000001100000000000000000000000000000000000000
00000000000000000010010000000000001110000000000000001100000000000000000000000000000000000000
00000000000000000010010000000000001110000000000000001100000000000000000000000000000000000000
00000000010000000001010000000000001111000000000000010001000000000010000100000000000000000000
00000000010000000001010000000000001111000000000000010001000000000010000100000000000000000000
00000000010000000001010000000000001111000000000000010001000000000010000100000000000000000000
00000000010000000001010000000000001111000000000000010001000000000010000100000000000000000000
00000000010000000001010000000000001111000000000000010001000000000010000100000000000000000000
00000000010000000001010000000000001111000000000000010001000000000010000100000000000000000000
00000000010000000001010000000000001111000000000000010001000000000010000100000000000000000000
00000000010000000001010000000000001111000000000000010001000000000010000100000000000000000000
00000000010000000001010000000000001111000000000000010001000000000010000100000000000000000000
00000000010000000001010000000000001111000000000000010001000000000010000100000000000000000000
00000000101000000001010000000000000110000000000000001010000000000001001000000000000000000000
00000000101000000001010000000000000110000000000000001010000000000001001000000000000000000000
00000000101000000001010000000000000110000000000000001010000000000001001000000000000000000000
00000000101000000001010000000000000110000000000000001010000000000001001000000000000000000000
00000000101000000001010000000000000110000000000000001010000000000001001000000000000000000000
00000000101000000001010000000000000110000000000000001010000000000001001000000000000000000000
00000000101000000001010000000000000110000000000000001010000000000001001000000000000000000000
00000000101000000001010000000000000110000000000000001010000000000001001000000000000000000000
00000000101000000001010000000000000110000000000000001010000000000001001000000000000000000000
00000000101000000001010000000000000110000000000000001010000000000001001000000000000000000000
00000000101000000001010000000000000110000000000000001010000000000001001000000000000000000000
