00000000000000000000000000100000000000000000000011000000000000010100000000000001000000000000
00000000000001000000000001010000000000000110000000000000000000001000000000000000000000000000
00000000000010100000000000000000000000001001000000000000000100000000000000000000000000000000
00000000000100010000000000000000000000000000001000000000010000000000000000010000000000000000
00100000000000000000001000000000000000000000010000000000000000000000000010000100000000000000
00000000100000000000000000000001000001000000000000000000000000000000000000000010000010000000
00000000000000000001000000000000100000000000000000000010000000000000000000000001000000000010
00000000000000000000000000000000010100000000000000000000000000000100010000000000000000000100
00000000000100000000001010000000000000110000000000011000000000000010100000000000010000000000
00000000001010000000000000000000000001001000000000000000100000000001000000000000000000000000
00000100010000000000000000000000000000000100000000000010000000000000000010000000000000000000
00000000000000010001000000000000000000000010000000000000000000000000010000000000000001000000
00000010000000000000000000000000001000000001000000000000000000000000000000000000001000100000
00000000000000001000000000000000000000000000001000010000000000000000000000000100000000000100
00000000000000000000000000000000100000000000010000000000000000100010000000000000000000001000
