00000000000001100000000000010000000000000000000000000000000010000000000000000000000000000000
00000000000000100000000000001100000000000000100000000000000000000000000000000000000000000000
00000010000000000000000000000110000000000000010000000000000000000000000000000000000000000000
00000011000000001000000000000011000000000000000000000000000000000000000000000000000000000000
00000001100000000110000000000000000000000000000000000000000000000000000000000000000000000000
00000000110000000001000000000010000000000000000000000000000000000000000000000000000000000000
00000000011000000000010000000000000000000000100000000000000000000000000000000000000000000000
00000000001100000000001000001000000000000000000000000000000000001100000000000001000000000000
00000000000110000000000010000000000000000011001000000000000000000000000000000000000000000000
01111111111111111111110111111111111111111111111111111111111111111111101111111111111111111111
00110001001000000011110000000000000000000000000000000000000000000000000000000000000000000000
00000000000011100000000001000000000000000000000001100000000000000110000000000011111010010011
00000000000011100000000001000001110000000000000001100000000000001100000000000011100000000000
01011100001111110000001011000001110000111000000011110000000000001100000000000011110000011100
01001100000111110000000011000001110000011000000001100000000000001100000000000011100000000000
00000000000011100000000001000001110000000000000001100000000000001100000000000011100000000000
00000000000000001100000000000011100001111000110111100001110000000000001111000000000000000000
01111100111110110001111111010000000110111110000000000110100100000000011100100000000111000000
01111111100011111100111101111111100111100111111111100111100111111100000000011111000000000000
01111000000000001111111111111010000000000000100000000000000000000000000000000000000000000000
