00000000000000000000000000000001001001001001000100100100100100000000000000000000000000000000
00000000000000000000000000000000100100100100001010010010010010000000000000000000000000000000
00000000000000000000000000000001001001001001000100100100100100000000000000000000000000000000
00000000000000000000000000000000100100100100001010010010010010000000000000000000000000000000
00000000000000000000000000000001001001001001000100100100100100000000000000000000000000000000
00000000000000000000000000000000100100100100001010010010010010000000000000000000000000000000
00000000000000000000000000000001001001001001000100100100100100000000000000000000000000000000
00000000000000000000000000000000100100100100001010010010010010000000000000000000000000000000
00000000000000000000000000000001001001001001000100100100100100000000000000000000000000000000
00000000000000000000000000000000100100100100001010010010010010000000000000000000000000000000
00000000000000000000000000000001111111111111011111111111111111000000000000000000000000000000
00000000000000001111111111111011111111111111111111111111111111111111111111111000000000000000
00000011111111101111111111111111111111111111111111111111111111111111111111111111111111100000
00111111111111111111111111111111111111111111111111111111111111111111111111111111111111111111
01111111111111111111111111111111111111111111111111111111111111111111111111111111111111111111
