00000000000001100000000000010000000000000000000000000000000000000000000000000000000000000000
00000000000000100000000000001100000000000000100000000000000000000000000000000000000000000000
00000010000000000000000000000110000000000000010000000000000000000000000000000000000000000000
00000011000000001000000000000011000000000000000000000000000000000000000000000000000000000000
00000001100000000110000000000000000000000000000000000000000000000000000000000000000000000000
00000000110000000001000000000010000000000000000000000000000000000000000000000000000000000000
00000000011000000000010000000000000000000000100000000000000000000000000000000000000000000000
00000000000000000000000000000001111111111111011111111111111111000000000000000000000000000000
00000000000110000000000010000000000000000011001000000000000000000000000000000000000000000000
01111111111111111111110111111111111111111111111111111111111111111111101111111111111111111111
00110001001000000011110000000000000000000000000000000000000000000000000000000000000000000000
00000000000011100000000001000000000000000000000001100000000000000110000000000011111010010011
00000000000011100000000001000001110000000000000001100000000000001100000000000011100000000000
01011100001111110000001011000001110000111000000011110000000000001100000000000011110000011100
01001100000111110000000011000001110000011000000001100000000000001100000000000011100000000000
00000000000011100000000001000001110000000000000001100000000000001100000000000011100000000000
00000000000000001100000000000011100001111000110111100001110000000000001111000000000000000000
01111100111110110001111111010000000110111110000000000110100100000000011100100000000111000000
01111111100011111100111101111111100111100111111111100111100111111100000000011111000000000000
01111000000000001111111111111010000000000000100000000000000000000000000000000000000000000000
01100000000000010000000000010001100100110011000001001100100000000000000000000000000000000000
01110011110010010100100000000110000110001000101100100100000001100000100001000010111001011101
00000000000000000110110011000000111111011100000000110110011000000000000000000000111000001110
01010100010000110000100000000001111111111111011000000100000000000000000000001100001000011111
01111100111110000000000010001111111111111111011110000000000001110000000000001110001110011110
01110000000000010000000000000001111111111111011111111111111111000000000000000000000000000000
01111100011111110000011000000100000000000000000000000000000000000000000000000100000000001111
01101001000100000100000100000000010000100000000111111111111111000001111000000000000000000000
01111111111111111111111111111111111111111111111000000000000000000000000000000000000000000000
01111111111111111111111111111111111111111111111111111111111111111111111101111111111111111111
01000000001000011111111111111110000001000000100100000000000000000000001000000010000100000010
00001000001100110011000000000100001000000000000000000000000000000000000000110010000000111000
01011100011111110000111000011100000111000001111110001110000001111111110000000011111000001100
01000100000001011001110001111011001110000111001000000000000000000000000110000000100010001100
01000100000001011001110001111011001110000111001000000000000000000000000110000000100010001100
00000000000000000000000000000000000000000000000000000000000000000000000000000000000000000000
00000000000000000000000000000000000000000000000000000000000000000000000000000000000000000000
01000100000001011001110001111011001110000111001000000000000000000000000110000000100010001100
01000100000001011001110001111011001110000111001000000000000000000000000110000000100010001100
01000100000001011001110001111011001110000111001000000000000000000000000110000000100010001100
00000000000000000000000000000000000000000000000000000000000000000000000000000000000000000000
01000100000001011001110001111011001110000111001000000000000000000000000110000000100010001100
00000000000000000000000000000000000000000000000000000000000000000000000000000000000000000000
00000000000000000000000000000000000000000000000000000000000000000000000000000000000000000000
00000000000000000000000000000000000000000000000000000000000000000000000000000000000000000000
01000100000001011001110001111011001110000111001000000000000000000000000110000000100010001100
00000000000000000000000000000000000000000000000000000000000000000000000000000000000000000000
00000000000000000000000000000000000000000000000000000000000000000000000000000000000000000000
00000000000000000000000000000000000000000000000000000000000000000000000000000000000000000000
01000100000001011001110001111011001110000111001000000000000000000000000110000000100010001100
01101101100010000010000000000000000000000000000000000000000000000000000000000000000000000000
01101111100011111110000001110000111000000110000000110000001110000111000001110001110011111111
00000000000000000000000000000000000000000100000000000000000000000000000000000000000000000000
00000000000000000000000000000000000000000100000000000000000000000000000000000000000000000000
00000000000000000000000000000000000000000100000000000000000000000000000000000000000000000000
00000000000000000000000001100000000000001110000000000000001100000000000000000000000000000000
00000000000000000000000001100000000000001110000000000000001100000000000000000000000000000000
00000000000000000000000000000000000000000000000000000000000000000000000000000000000000000000
00000000000000000000000001100000000000001110000000000000001100000000000000000000000000000000
00000000000000000000000001100000000000001110000000000000001100000000000000000000000000000000
00000000000000000000000001100000000000001110000000000000001100000000000000000000000000000000
00000000000000000000000001100000000000001110000000000000001100000000000000000000000000000000
00000100000010100000000010001000000000010000001100000000100000111110000100000000011100000000
00000100000010100000000010001000000000010000001100000000100000111110000100000000011100000000
00110000001010000000001100000000000011100000000000000000000000000000000000000000000000000000
00110000001010000000001100000000000011100000000000000000000000000000000000000000000000000000
00110000001010000000001100000000000011100000000000000000000000000000000000000000000000000000
00110000001010000000001100000000000011100000000000000000000000000000000000000000000000000000
