00000000000000000001000000000000000000100100000000000000000000000000000000000000000000000000
00000000000000000000100000000000000000000000000000000000100100000000000000000000000000000000
00000000000000000000000000000000000010000000000000000000000000000000000010010000000000000000
00000000000000000000000000000000000000000000000000000010000000000000000000000100000001000000
00000000000000000000000000000000000000000000000000000000000000000000001000000010000000100000
00000000000000000000000000000000000000000000000000000000000000000000000000000001000100010000
00000000000000000000000000000000000000000000000000000000000000000100000000000000000000001010
00000000000000000000000000000000000000000000000000100000000000000000000000000000000000000000
01000000000000000000000000000000010000000000000000000000000000000000000000000000000000001000
00000000000001010010000000000000000000000000000000000000000000000000000000000001000000000000
00000000100000010000000000010100000000000000000000000000000000001000000000000000000100000000
00010000000000100000000000000000000000000010100001000000000000000000000000000000000010000000
00001000000000000000000000010000100000000100001000000000000000000000000000000000000001000000
00000000000010000100000001000000000000000001000000000000000001000000000000000000000000100000
00000000000000000010000000000000000000000000000000000000000001000000000000001100000000000000
00000000000000000000000000000000000000000000000100000000000000000000000000010010000000000000
00000000000000000000000000000000000000000000000010000000000000000000000000100001000000000000
00000000000000000000000000000001000000000000000000000000000000000000000001000000100000000000
00000000000000001000000000000000000000000000000000000000010000000000000000000000010000000000
00000010000000000000000000000000000000010000000000000000000000000000000000000000001000000000
00000000000000000000000100000000000000000000000000000000000000000000000000000000000000000000
00000000000100000000000000000000000000000000000000000000000000000000000000000000000000000000
01001000000000000000000000000000000000000000000000000000000000000000000000000000000000000000
00000100000000000000000000000000000000100000000000000000000000000000000000000000000000000000
00000000000001000000000000000000000000000000000000000000100000000000000000000000000000000000
00000000000000000000000000100000000000000000000000000000000000000000000010000000000000000000
00000000000000000000000000000000000000000010000000000000000000000000000000000000000001000000
00000000000000000000000000000000000000000000000000000000000010000000000000000000000000100000
00000000000000000000000000000000000000000000000000000000000000000000000000001100000000000000
00000000000000000000000000000000000000000000000000000000000000100000000000000000000000000000
00000000000000000000000000000000000000000000000100000000000000010000000000000000000000000000
00000000000000000000000000000000000000000000010000000000000000001000000000000000000000000000
00000000000000000000000000000010000000000000000001000000000000000000000000000000000000000000
00000010000000000000000000000000100000000000000000000000000000000000000000000000000000000000
00100000000000000100000000000000000000000000000000000000000000000000000000000000000000000000
00010001000000000000000000000000000000000000000000000000000000000000000000000000000000000000
00100000001000000000000000000000000000000000000000000000000000000000000000000000000000000000
00000000000000000000001000000000000000000000000000000000000000000000000000000000000000000000
