00000100000000000000000000000000000000000000000000000000000000000000000000000000000000000000
00000000000001000000000000000000000000000000000000000000000000000000000000000000000000000000
01000000000000000000000000100000000000000000000000000000000000000000000000000000000000000000
00000000000000010000000000000000000000000010000000000000000000000000000000000000000000000000
00000000000000000000000000000100000000000000000000000000000010000000000000000000000000000000
00000000000000000000000000000000000000000000100000000000000000000000000000001000000000000000
00000000000000000000000000000000000000000000001000000000000000100000000000000000000000000000
00000000000000000000000000000000000000000000000000000000000001010000000000000000000000000000
00000000000000000000000000000000000000000000000000000000000000001000000000001000000000000000
00000000000000000000000000000000000000000000000001000000000000000000000000010000000000000000
00000000000000000000000000000000100000000000000000000000000000000000000000100000000000000000
00000000000000000100000000000000000000000000000000000000000000000000000001000000000000000000
00000001000000000000000000000000000000000000000000000000010000000000000000000000000000000000
00100000000000000000000000000000000000010000000000000000000000000000000000000000000000000000
01000000000000000000000100000000000000000000000000000000000000000000000000000000000000000000
00000100000100000000000000000000000000000000000000000000000000000000001000000000000000000000
00001000000001000000000000000000000000000000000000000000000000000000000100000000000000000000
00000100000001000000000000000000000000000000000000000000000000000000000010000000000000000000
00000000000000100000000000000000000000000100000000000000000000000000000001000000000000000000
00000000000000000000000000001000000000000000000000000000000100000000000000100000000000000000
00000000000000000000000000000000000000000000001000000000000000000000000000010000000000000000
00000000000000000000000000000000000000000000000000000000000001000000000000001100000000000000
00000000000000000000000000000000000000000000000000000000000000100000000000001010000000000000
00000000000000000000000000000000000000000000000000000000000000010000000000010001000000000000
00000000000000000000000000000000000000000000000000000000000000001100000000100000000000000000
00000000000000000000000000000000000000000000000000100000000000000100000001000000000000000000
00000000000000000000000000000000010000000000000000000000010000000010000000000000000000000000
00000000000000000010000000000000000000010000000000000000000000000001000000000000000000000000
00000000100000000000000010000000000000000000000000000000000000000000100000000000000000000000
00010000000010000000000000000000000000000000000000000000000000000000010000000000000000000000
00001000000000000000000000000000000000000000000000000000000000000000000000000000000000000000
