00000000000000000000000000000000000000000000010110000000000000000000000000000000000000000000
00000000000000000000000000000001000000000000000011000000000000000000000000000000000000000000
00000000000000000000000000000000100000000000000001100000000000000000000000000000000000000000
00000000000000000000000000000000010000000000000000110000000000000000000000000000000000000000
00000000000000000000000000000000000100000000000000001100000000000000000000000000000000000000
00000000000000000000000000000000000100000000000000001100000000000000000000000000000000000000
00000000000000000000000000000000000010000000000000000110000000000000000000000000000000000000
00000000000000000000000000000000000001000000000000000011000000000000000000000000000000000000
00000000000000000000000000000000000000100000000000000001100000000000000000000000000000000000
00000000000000000000000000000000000000010000000000000000110000000000000000000000000000000000
00000000000000000000000000000000000000001000000000000000011000000000000000000000000000000000
00000000000000000000000000000000000000000100000000000000001100000000000000000000000000000000
00000000000000000000000000000000000000000010000000000000000110000000000000000000000000000000
00000000000000000000000000000000000000000001000000000000000011000000000000000000000000000000
00000000000000000000000000000000000000000000001100000000000001000000000000000000000000000000
00000000000000000000000000000001111111111111011111111111111111000000000000000000000000000000
00000000000000001111111111111010000000000000100000000000000000111111101111111000000000000000
00000011111111100000000000000100000000000000000000000000000000000000000000000111111111100000
00111100000000010000000000000000000000000000000000000000000000000000000000000000000000011111
01000000000000000000000000000000000000000000000000000000000000000000000000000000000000000000
01111100000000010000000000000000000000000000000000000000000000000000000000000000000000000000
01111111111111110000000000000100000000000000000000000000000000000000000000000000000000000000
01111111111111111111111111111110000000000000100000000000000000000000000000000000000000000000
01111111111111111111111111111111111111111111111000000000000000000000000000000000000000000000
00111111111111111111111111111111111111111111111000000000000000000000000000000000000000000000
00000011111111101111111111111111111111111111111000000000000000000000000000000000000000000000
00000000000000001111111111111011111111111111111000000000000000000000000000000000000000000000
00000000000000000000000000000001111111111111011000000000000000000000000000000000000000000000
00000000000000000000000000000001111111111111011111111111111111000000000000000000000000000000
00000000000000000000000000000001111111111111011111111111111111111111111111111000000000000000
00000000000000000000000000000001111111111111011111111111111111111111111111111111111111100000
00000000000000000000000000000001111111111111011111111111111111111111111111111111111111111111
00000000000000000000000000000001111111111111011111111111111111111111111111111111111111100000
00000000000000000000000000000001111111111111011111111111111111111111111111111000000000000000
00000000000000000000000000000001111111111111011111111111111111000000000000000000000000000000
01111111111111111111111111111111111111111111111111111111111111111111111111111111111111111111
00000000000000000000000000000000010010010010010001001001001001000000000000000000000000000000
00000000000000000000000000000001001001001001000100100100100100000000000000000000000000000000
00000000000000000000000000000000100100100100001010010010010010000000000000000000000000000000
00000000000000000000000000000000010010010010010001001001001001000000000000000000000000000000
00000000000000000000000000000000000000000011011100000000000011000000000000000000000000000000
00000000000000000000000000000000000000000111001000000000000111000000000000000000000000000000
00000000000000000000000000000000000000001111000000000000001110000000000000000000000000000000
00000000000000000000000000000000000000011110000000000000011100000000000000000000000000000000
00000000000000000000000000000000000000111100000000000000111000000000000000000000000000000000
00000000000000000000000000000000000001111000000000000001110000000000000000000000000000000000
00000000000000000000000000000000000011110000000000000011100000000000000000000000000000000000
00000000000000000000000000000000000111100000000000000111000000000000000000000000000000000000
00000000000000000000000000000000001111000000000000001110000000000000000000000000000000000000
00000000000000000000000000000000011110000000000000011100000000000000000000000000000000000000
00000000000000000000000000000000111100000000000000111000000000000000000000000000000000000000
00000000000000000000000000000001111000000000000001110000000000000000000000000000000000000000
00000000000000000000000000000001110000000000010011100000000000000000000000000000000000000000
00000000000000000000000000000001100000000000011111000000000000000000000000000000000000000000
00000000000000000000000000000001000000000001011110000000000001000000000000000000000000000000
00000000000000000000000000000000000000000011011100000000000011000000000000000000000000000000
