00000000000000000000000000000000000100000000000000000000000000000000000000000000000000000000
00000000000000000001100000000000001010000000000000001100000000000000000000000000000000000000
00000000110000000000000000000000010001000000000000000000000000000001010000000000000000000000
00100000001000000000000000000000100000100000000000000000000000000000000000000000010100000000
00001000000000010000000000000001000000010000000000000000000000000000000000000000100010000000
00000000000010100000000000000000000000001000010000000000000000000000000000000001000001000000
00000000000010100000000000000000000000001000010000000000000000010000000000000000000001000000
00000000000001100000000000000000000000000100001000000000000000100000000000100000000000000000
00000000000000000000000000111000000000000100001000000000000101000000000000011000000000000000
00000000000000000000000000111000000000000100001000000000000101000000000000011000000000000000
00000000000000000000000000010000000000000011000000000000000111000000000000000000000000000000
00000000000000000000000000010000000000000011000000000000000111000000000000000000000000000000
