01111111111111111011011011011111001001001001000000000000000000000000000000000000000000000000
00000000000000000000000000000001001001001001000000000000000000000000000000000000000000000000
00000000000000000000000000000000100100100100001000000000000000000000000000000000000000000000
00000000000000000000000000000000010010010010010000000000000000000000000000000000000000000000
00000000000000000000000000000001001001001001000000000000000000000000000000000000000000000000
00000000000000000000000000000000100100100100001000000000000000000000000000000000000000000000
00000000000000000000000000000000010010010010010000000000000000000000000000000000000000000000
00000000000000000000000000000001001001001001000000000000000000000000000000000000000000000000
00000000000000000000000000000000100100100100001000000000000000000000000000000000000000000000
00000000000000000000000000000000010010010010010000000000000000000000000000000000000000000000
00000000000000000000000000000000010010010010010000000000000000000000000000000000000000000000
00000000000000000000000000000000000000000000000010010010010010000000000000000000000000000000
00000000000000000000000000000000000000000000000000000000000000001001001001001000000000000000
00000000000000000000000000000000000000000000000000000000000000000000000000000101010101000000
00000000000000000000000000000000000000000000000000000000000000000000000000000101010101011111
00000000000000000000000000000000000000000000000000000000000000000000000000000000000000011111
