01101101001101100000000000000000000000000000000000000000000000000000000000000000000000000000
01101001100100100000000000000000000000000000000000000000000000000000000000000000000000000000
00001000100110010000000000000100000000000000000000000000000000000000000000000000000000000000
00010010010010010000000000000100000000000000000000000000000000000000000000000000000000000000
00010110011001000000000000000000000000000000000000000000000000000000000000000000000000000000
00100111001001100000000000000000000000000000000000000000000000000000000000000000000000000000
00101001001100100010001000011000000000000000000000000000000000000000000000000000000000000000
00001000100100110011000110001100000000000000100000000000000000000000000000000000000000000000
00010000110010010001100011000110000000000000100000000000000000000000000000000000000000000000
00000010010011001001110001100010000000000000000000000000000000000000000000000000000000000000
00000011011001001100110001110000000000000000000000000000000000000000000000000000000000000000
00000001001001101110011000110000000000000000000000000000000000000000000000000000000000000000
00000001100100100110001100011000000000000000000000000000000000000000000000000000000000000000
00000000100110000011000110001100001100011000111000000000000000000000000000000000000000000000
00000010010010000001100011000111000110001100110000000000000000000000000000000000000000000000
00000010011011001000110001100011100111001110010000000000000000000000000000000000000000000000
00000001000001001100011000110001100011000110000000000000000000000000000000000000000000000000
00000001000100000110001100011000010001100011000000000000000000000000000000000000000000000000
00000000000000000011000110001000011000110001101000000000000000000000000000000000000000000000
00000000000000000001100011001010001100011000111000000000000000000000000000000000000000000000
00000000000000000001110001100011000110001100110111001110011100000000000000000000000000000000
00000000000000001000110001110011100011000110000011000110001100000000000000000000000000000000
00000000000000001100011000110000110001100011000001100011000110000000000000000000000000000000
00000000000000000100000100000000011000110001001000010001100011000000000000000000000000000000
00000000000000000000000100000000001100011000111100011000110001000000000000000000000000000000
00000000000000000000000000000001001110011100011110001100011000000000000000000000000000000000
00000000000000000000000000000001000110001100010011000110001100001000000001000000000000000000
00000000000000000000000000000001100011000110000001100011000110001000001000000000000000000000
00000000000000000000000000000000010001100011000000010001100011000000001100011000000000000000
00000000000000000000000000000000011000110001001100011000110001100001000110001000000000000000
00000000000000000000000000000000001100011000011110011100111001110001100011000000000000000000
00000000000000000000000000000000000000000000000110001100011000011000110001100000000000000000
00000000000000000000000000000000000000000000000011000110001100001100011000110000000000000000
00000000000000000000000000000000000000000000000001100011000110000110001100011100000100000000
00000000000000000000000000000000000000000000000000010001100011100001000110011100010000000000
00000000000000000000000000000000000000000000000100011000110001100001100011001110010011000000
00000000000000000000000000000000000000000000000110001100011000110001100011100010011001000000
00000000000000000000000000000000000000000000000011000110001100011000110001100001001001100000
00000000000000000000000000000000000000000000000000000000000000001100011000110001100100100000
00000000000000000000000000000000000000000000000000000000000000000000001100011100000110000000
00000000000000000000000000000000000000000000000000000000000000100001000110001110010010000000
00000000000000000000000000000000000000000000000000000000000000110001100011000010010011000000
00000000000000000000000000000000000000000000000000000000000000011000110001100011001001001001
00000000000000000000000000000000000000000000000000000000000000001100011000110001001100101010
00000000000000000000000000000000000000000000000000000000000000000110010100010100100100110010
00000000000000000000000000000000000000000000000000000000000000000000000000000100010110010110
00000000000000000000000000000000000000000000000000000000000000000000000000000110010010010100
00000000000000000000000000000000000000000000000000000000000000000000000000000010011001000101
00000000000000000000000000000000000000000000000000000000000000000000000000000001001001101001
00000000000000000000000000000000000000000000000000000000000000000000000000000001100100101010
00000000000000000000000000000000000000000000000000000000000000000000000000000100000110110010
00000000000000000000000000000000000000000000000000000000000000000000000000000100010010010100
00000000000000000000000000000000000000000000000000000000000000000000000000000010010011000101
00000000000000000000000000000000000000000000000000000000000000000000000000000011001001001001
00000000000000000000000000000000000000000000000000000000000000000000000000000001001100101010
00000000000000000000000000000000000000000000000000000000000000000000000000000101100100111010
00000000000000000000000000000000000000000000000000000000000000100000000100010100000110010010
00000000000000000000000000000000000000000000000000000000000000100001000110001110010010010100
00000000000000000000000000000000000000000000000000000000000000110001100011000010011001000101
00000000000000000000000000000000000000000000000000000000000000011000110001100001001001100000
00000000000000000000000000000000000000000000000000000000000000001100011000110001101100100000
00000000000000000000000000000000000000000000000000000000000000000110001100011100100100100000
00000000000000000000000000000000000000000000000000000000000000100001000110001100010010000000
00000000000000000000000000000000000000000000000100011000110001110001100011000010010011000000
00000000000000000000000000000000000000000000000110001100011000011000110011100011001001000000
00000000000000000000000000000000000000000000000011000110001100011100011001100001001101100000
00000000000000000000000000000000000000000000000001100011000110001100011100110001000100000000
00000000000000000000000000000000000000000000000000010001100011000000001100011100000100000000
00000000000000000000000000000000000000000000000100011000110001100001000110001000000000000000
00000000000000000000000000000000000000000000000110001100011000110001100011000000000000000000
00000000000000000000000000000001000110001100010111001110011100011000110001100000000000000000
00000000000000000000000000000001100011000110000011000110001100001100011000110000000000000000
00000000000000000000000000000000110001100011000001100011000110000110001100011000000000000000
00000000000000000000000000000000011000110001001000010001100011000001000000001000000000000000
00000000000000000000000000000000001100011000011100011000110001000001000001000000000000000000
00000000000000000000000000000001001110011100011110001100011000000000000000000000000000000000
00000000000000000000100000100001000110001100010011000110001100000000000000000000000000000000
00000000000000000100000000100001100011000110000001100011000110000000000000000000000000000000
00000000000000000110001100011000010001100011000000010001100011000000000000000000000000000000
00000000000000000011001110001000011000110001101100011000110001000000000000000000000000000000
00000000000000000001100110001010001100011000111110011100111001000000000000000000000000000000
00000000000000000001110011000011000110001100110000000000000000000000000000000000000000000000
00000000000000001000110001100011100011000110000000000000000000000000000000000000000000000000
00000001000001001100011000110000110001100011000000000000000000000000000000000000000000000000
00000001000100000110001100011000011000110001001000000000000000000000000000000000000000000000
00000000100110100011000110001100011100111001111000000000000000000000000000000000000000000000
00000000110010000001100011000110001100011000111000000000000000000000000000000000000000000000
00000010010011001000110001100011000110001100010000000000000000000000000000000000000000000000
00000011001001001100011000110000000000000000000000000000000000000000000000000000000000000000
00000001001100100110001100011000000000000000000000000000000000000000000000000000000000000000
00000001100100100110001110001100000000000000100000000000000000000000000000000000000000000000
00000000100110000011000110001110000000000000100000000000000000000000000000000000000000000000
00010010010010010001100011000110000000000000100000000000000000000000000000000000000000000000
00010110011001001000110001100010000000000000000000000000000000000000000000000000000000000000
00100101001001101000011000010000000000000000000000000000000000000000000000000000000000000000
00101001101100100000000000000000000000000000000000000000000000000000000000000000000000000000
00001000100100110000000000000100000000000000000000000000000000000000000000000000000000000000
00010000110010010000000000000100000000000000000000000000000000000000000000000000000000000000
00010110010011000000000000000000000000000000000000000000000000000000000000000000000000000000
01100111001001000000000000000000000000000000000000000000000000000000000000000000000000000000
