00000000000000000100100100100000000000000000100000000000000000000000000000000000000000000000
00000000000000000100100100100000100100100100101000000000000000000000000000000000000000000000
00000000000000000100100100100000100100100100101001001001001001000000000000000000000000000000
00000000000000000000000000000000100100100100001001001001001001001001001001001000000000000000
00000000000000000000000000000000000000000000000001001001001001001001001001001101010101000000
00000000000000000000000000000000000000000000000000000000000000001001001001001101010101011111
00000000000000000000000000000000000000000000000000000000000000000000000000000101010101011111
00000000000000000000000000000000000000000000000000000000000000000000000000000000000000011111
00000000000000000000000000000000000000000000000000000000000000000000000000000000000000000000
00000000000000000000000000000000000000000000000000000000000000000000000000000000000000011111
00000000000000000000000000000000000000000000000000000000000000000000000000000000000000000000
00000000000000000000000000000000000000000000000000000000000000101101101101101111111111100000
00000000000000000000000000000000000000000000000011011011011011101101101101101000000000000000
00000000000000000000000000000001011011011011010011011011011011000000000000000000000000000000
00000000000000000000000000000000000000000000000000000000000000000000000000000000000000000000
00000001010101001111111111111110000000000000100000000000000000000000000000000000000000000000
00111101010101011111111111111110000000000000100000000000000000000000000000000000000000000000
00000000000000000000000000000000000000000000000000000000000000000000000000000000000000000000
01111111111111111111111111111110000000000000100000000000000000000000000000000000000000000000
01111111111111111111111111111110000000000000100000000000000000000000000000000000000000000000
01111111111111111111111111111110000000000000100000000000000000000000000000000000000000000000
01111111111111110000000000000100000000000000000000000000000000000000000000000000000000000000
01111100000000010000000000000000000000000000000000000000000000000000000000000000000000000000
01000000000000000000000000000000000000000000000000000000000000000000000000000000000000000000
01000000000000000000000000000000000000000000000000000000000000000000000000000000000000000000
01000000000000000000000000000000000000000000000000000000000000000000000000000000000000000000
01111111111111111111111111111111111111111111111111111111111111111111111111111111111111111111
01111111111111111111111111111111111111111111111111111111111111111111111111111111111111111111
01000000000000000000000000000000000000000000000000000000000000000000000000000000000000000000
01000000000000000000000000000000000000000000000000000000000000000000000000000000000000000000
01111111111111111111111111111111111111111111111111111111111111111111111111111111111111111111
01111111111111111111111111111111111111111111111111111111111111111111111111111111111111111111
00111111111111111111111111111111111111111111111111111111111111111111111111111111111111111111
00111101010101011111111111111111111111111111111111111111111111111111111111111111111111111111
00111101010101010100100100100101111111111111111111111111111111111111111111111111111111111111
00000000000000000000000000000000000000000000000000000000000000000000000000000000000000000000
00111101010101010100100100100100110110110110111011011011011011111111111111111111111111111111
00111101010101010100100100100100110110110110111011011011011011001001001001001111111111111111
00111101010101010100100100100100110110110110111011011011011011001001001001001101010101011111
00111101010101010100100100100100110110110110111011011011011011001001001001001101010101011111
00000001010101000100100100100100110110110110111011011011011011001001001001001101010101011111
00000000000000000100100100100000110110110110111011011011011011001001001001001101010101011111
00000000000000000000000000000000110110110110011011011011011011001001001001001101010101011111
00000000000000000000000000000000000000000000000011011011011011001001001001001101010101011111
00000000000000000000000000000000000000000000000000000000000000001001001001001101010101011111
00000000000000000000000000000000000000000000000000000000000000000000000000000101010101011111
00000000000000000000000000000000000000000000000000000000000000000000000000000000000000011111
00000000000000000000000000000000000000000000000000000000000000000000000000000000000000011111
00111101010101010100100100100100110110110110111011011011011011001001001001001101010101011111
00111101010101010100100100100100110110110110111011011011011011001001001001001101010101011111
00111101010101010100100100100100110110110110111011011011011011001001001001001101010101011111
00111101010101010100100100100100110110110110111011011011011011001001001001001101010101000000
00111101010101010100100100100100110110110110111011011011011011001001001001001000000000000000
00111101010101010100100100100100110110110110111011011011011011001001001001001000000000000000
00111101010101010100100100100100110110110110111011011011011011000000000000000000000000000000
00111101010101010100100100100100110110110110111000000000000000000000000000000000000000000000
00111101010101010100100100100100000000000000100000000000000000000000000000000000000000000000
00111101010101010000000000000100000000000000000000000000000000000000000000000000000000000000
00111100000000010000000000000000000000000000000000000000000000000000000000000000000000000000
00000000000000000000000000000000000000000000000000000000000000000000000000000000000000000000
00000000000000000000000000000000000000000000000000000000000000000000000000000000000000000000
01000000000000000000000000000000000000000000000000000000000000000000000000000000000000000000
01000000000000000000000000000000000000000000000000000000000000000000000000000000000000000000
01000000000000000000000000000000000000000000000000000000000000000000000000000000000000000000
