00000000000100000000001010000000000000110000000000000000000000000000000000000000000000000000
00000000001010000000000000000000000001001000000000000000100000000000000000000000000000000000
00000100010000000000000000000000000000000100000000000010000000000000000010000000000000000000
00000000000000010001000000000000000000000010000000000000000000000000010000000000000001000000
00000010000000000000000000000000001000000001000000000000000000000000000000000000001000100000
00000000000000001000000000000000000000000000001000010000000000000000000000000100000000000100
00000000000000000000000000000000100000000000010000000000000000100010000000000000000000001000
00000000000000000000000000000000000000000000000011000000000000010100000000000001000000000000
00000000000000000000000000100000000000000000000000000000000000001000000000000000000000000000
00000000000001000000000001010000000000000110000011000000000000010100000000000001000000000000
00000000000010100000000000000000100000001001010000000000000100100010000000000000000000001000
00000000000100011000000000000000000000000000001000010000010000000000000000010100000000000100
00100010000000000000001000000000001000000001010000000000000000000000000010000100001000100000
00000000100000010001000000000001000001000010000000000000000000000000010000000010000011000000
00000100010000000001000000000000100000000100000000000010000000000000000010000001000000000010
00000000001010000000000000000000010101001000000000000000100000000100010000000000000000000100
00000000000100000000001010000000000000110000000000011000000000000010100000000000010000000000
00000000000000000000000100000000000000000000000000000000000000000001000000000000000000000000
00000000000100000000001010000000000000110000000000011000000000000010100000000000010000000000
00001000000000000000010001000000010100000000000000000001010000000100010000000000000000000100
00010000000001000001000000000000100010000000000000000010001000000000000100000001000000000010
00000000100000100000000000000001000001000000000000000100000100000000000000000010000010000000
00100000000000000010001000000100000000000000010000000000000010000000100010000100000000000001
00000000000100010000000000000010010000000000001000000000010001000000000000010000010000010000
00000000000010100000000000000001000000001001000100100000000100000000000000000010100000000000
00000000000001100000000001000000000000000110000011000000000000010100000000000001000000000000
00000000000000000000000000100000000000000000000000000000000000001000000000000000000000000000
