01111111111111111111111111111111111111111111111111111111111111111111111111111111111111111111
00000000000000000000000000000001111111111111011111111111111111000000000000000000000000000000
01111111111111111111111111111111111111111111111111111111111111111111111111111111111111111111
00100001100000110011000000011100001100000011000000001100000110000000110000110000001111100011
01111111111111111111111111111111111111111111111111111111111111111111111111111111111111111111
01111111111111111111111111111110000000000000100000000000000000111111111111111111111111111111
01111111111111111111111111111111111111111111111111111111111111111111111111111111111111111111
00111100000000011111111111111010000000000000100111111111111111000000000000000111111111100000
01111111111111111111111111111111111111111111111111111111111111111111111111111111111111111111
01000011111111100000000000000101111111111111011000000000000000111111111111111000000000011111
01111111111111111111111111111111111111111111111111111111111111111111111111111111111111111111
01100001111101100101001010110111010100101010001101010110101010010101001010101101100010110110
01111111111111111111111111111111111111111111111111111111111111111111111111111111111111111111
01111111111111111111111111111111111111111111111000000000000000000000000000000000000000000000
00000000000000000000000000000000000000000000000111111111111111111111111111111111111111111111
00010000111000000011111100000000001111100000000000011111100000000001111100000000011110000110
01001110000111110000000011111110000000011111111110000000011111110000000011111110000001100001
00111100000000010100100100100000110110110110111100100100100100000000000000000101100110111010
00111110101010111010101001010001111010101010101001010101010101101010101001010010001010101101
00000000000000000000000000000000000000000000000000000000000000000000000000000000000000000000
01111111111111111111111111111111111111111111111111111111111111111111111111111111111111111111
00000000000000000000000000000000000000000000000000000000000000000000000000000000000000000000
00000000000000000000000000000000000000000000000000000000000000000000000000000000000000000000
00000000000000000000000000000000000000000000000000000000000000000000000000000000000000000000
00000000000000000000000000000000000000000000000000000000000000000000000000000000000000000000
