00000000010000000001010000000000000110000000000000000000000000000000000000000000000000000000
00000000000100000000001010000000000000110000000000000000000000000000000000000000000000000000
00000000000001000000000001010000000000000110000000000000000000000000000000000000000000000000
00000000000000000000000000001110000000000000011000000000000000000000000000000000000000000000
00000001000000001010000000000000110000000000000000000000000000000000000000000000000000000000
00000010000000111000000000010001000000000001000110000000000001000000000000000000000000000000
00000100000010100000000010001000000000001001000000000000001110000000000000000000000000000000
00001000001010000000010001000000000001001000000000000001110000000000000000000000000000000000
00010000101000000010001000000000001001000000000000001110000000000000000000000000000000000000
00100010100000000001000000000011001000000000000001110000000000000000000000000000000000000000
01010000010000010000100000000100000100000000110010001000000000001111000000000000000000000000
01101001000100000100000100000000010000100000000000010001000000000001111000000000000000000000
01010100010001000000100000100000000010000100000000000010001000000000001111000000000000000000
01001000000100010000000100000100000000010000101000000000010001000000000001111000000000000000
01100101000001000100000000100000100000000010000001000000000010111000000000001000000000000000
00001100001000100000010000001000000010000000001100000100000000010000100000000001110000000000
00000110000010011000000010000000100000010000000000100000100000000010000100000000011100000000
00100000100000110001000000010000000100000010000000000100000100000000010000100000000111000000
00110010001000000000001000000010000000100000010100000000100000100000000010000100000001100000
00011000100010000010000001000000010000000100000000100000000100000100000000010111000000000000
00000000000111000000001000010000000001000001000000000010000001100000010000000010001000001100
00000000000001100000000001000111000000001000000001000000010000000100000010000000100010000110
00000011000000000010000000001100001000000001000000001000000010000000100000010000001000100011
00000001110000001000010000000001000001000000000010000001000000010000000100000010000010010001
00000000011100000001000010000000001000001000000000010000001000000010000000100000100000111000
00000000000000000000000111100000000000100010000000000001000010000000001000001100000100010010
00000000000000000000000000111000000000000100110010000000001000001000000001000001000001001001
00000000000000001100000000000010010000000000101000010000000001000001000000001100010000010100
00000000000000000111100000000000100010000000000001000010000000001000001000000001000100001010
00000000000000000000111100000000000100010000000000001000010000000001000001000000010001000101
00000000000000000000000000000000000000011100000000000000100100000000000100010000000010100001
00000000000000000000000000000000000000000011001100000000000100010000000000100010000000110000
00000000000000000000000000000001100000000000010100100000000000100010000000000010100000001000
00000000000000000000000000000000111100000000000001000100000000001000010000000001001000001100
00000000000000000000000000000000000011100000000000000100100000000000100010000000001010000010
00000000000000000000000000000000000000000000000000000000011000000000000010100000000001000000
00000000000000000000000000000000000000000000000000000000000011100000000000010100000000000000
00000000000000000000000000000000000000000000000011000000000000010100000000000001000000000000
00000000000000000000000000000000000000000000000000110000000000000101000000000000110000000000
00000000000000000000000000000000000000000000000000000011000000000000010100000000000100000000
