00000000000000000000000000000000000000000000000000000000011000000000000010100000000001000000
00000000000000000000000000000000000000000000000000000000000011100000000000010100000000000000
00000000000000000000000000000000000000000000000011000000000000010100000000000001000000000000
00000000000000000000000000000000000000000000000000110000000000000101000000000000110000000000
00000000000000000000000000000000000000000000000000000011000000000000010100000000000100000000
00000000000111000000001000010000000001000001000000000010000001100000010000000010001000001100
00000000000001100000000001000111000000001000000001000000010000000100000010000000100010000110
00000011000000000010000000001100001000000001000000001000000010000000100000010000001000100011
00000001110000001000010000000001000001000000000010000001000000010000000100000010000010010001
00000000011100000001000010000000001000001000000000010000001000000010000000100000100000111000
00000010000000111000000000010001000000000001000110000000000001000000000000000000000000000000
00000100000010100000000010001000000000001001000000000000001110000000000000000000000000000000
00001000001010000000010001000000000001001000000000000001110000000000000000000000000000000000
00010000101000000010001000000000001001000000000000001110000000000000000000000000000000000000
00100010100000000001000000000011001000000000000001110000000000000000000000000000000000000000
