00010000000000000000000000001111000000000000011000000000000000000000000000000000000000000000
00000010001000111000000000010001000000000001000110000000000001000000000000000000000000000000
01100101000001000100001000100000100000000010000001000000000010111000000000001000000000000000
00011000100010000010000001000000010000100100000000100000000100000100000000010111000000000000
00000000011100000001000010000000001000001000000000010000101000000010000000100000100000111000
00000000000100000000111110000000000100110000000000001000010000000001000011000000010001000101
00001000001010000000010001000000000011101000000000000101110000000000100010000000001011000010
01010100010001000000100000100000000010000100000000000011001000000000011111000000000100100000
00100000100000110001000000010000000100000010000000000101000100000000010000100100000111000000
00000011000000000010000000001100001001000001000000001000000010100000100000010000001000100011
00000000000000001100010000001110010000000000111100010000000001000001000000001100010000010100
00000010010000111000000000010001100000000001010110100000000001100010000000000010100000001000
01100111000001000100000000100000100000000010000011000000000010111100000000001001000000000000
00111000100010001010000001000000010000000100000000100000000100001100000000010111000000000000
00010000011100000001000010000001001000001000000000010000001000000010000000100000100000111000
00000001000000001010111100000000110100010000000000001000010000000001000001000000010001000101
00100010100000000001000000000011001011100000000001110100100000000000100010000000001010000010
01010000010000010000100000000100000100000000110010001011000000001111010100000000000100000000
00001100001000100000010000001000000010000000001100000100000000010000100000000001110000000000
00000000000111000000001000010000000001000001000000000010000001100000010000000010001000001100
00000000010000000001010111100000000110100010000000000001000010000000001000001100000100010010
00010000101000000010001000000000001001011100000000001110100100000000000100010000000010100001
01101001000100000100000100000000010000100000000000010001011000000001111010100000000001000000
00000110000010011000000010000000100000010000000000100000100000000010000100000000011100000000
00000000000001100000000001000111000000001000000001000000010000000100000010000000100010000110
00000000000000000000000000111000000000000100110010000000001000001000000001000001000001001001
00000000000000000000000000000000000000000011001100000000000100010000000000100010000000110000
00000000000000000000000000000000000000000000000000000000000011100000000000010100000000000000
