01000000000000000000000000000000000000000000000000000000000000000000000000000000000000000000
01111100000000010000000000000000000000000000000000000000000000000000000000000000000000000000
01000000000000000000000000000000000000000000000000000000000000000000000000000000000000000000
01001000000000000000000000000000000000000000000000000000000000000000000000000000000000000000
01011000000000000000000000000000000000000000000000000000000000000000000000000000000000000000
01111000000000000000000000000000000000000000000000000000000000000000000000000000000000000000
01111000000000010000000000000000000000000000000000000000000000000000000000000000000000000000
01111100000000010000000000000000000000000000000000000000000000000000000000000000000000000000
01111100000000010000000000000000000000000000000000000000000000000000000000001000000000000000
01111000000000110000000000000000000000000000000000000000000000000000000000001000000000000000
01110000000000110000000000001000000000000000000000000000000000000000000000001000000000000000
01100000000000110000000000001000000000000001000000000000000000000000000000001000000000000000
01000000000000110000000000001000000000000001000000000000000001000000000000001000000000000000
00000000000000110000000000001000000000000001000000000000000001000000000000001000000000000000
00000000000000110100000000001000000000000001000000000000000001000000000000001000000000000000
00000000000000110000000000001000000000000001000000000000000001000000000000001000000000000000
00000000000000110100000000001000000000000001000000000000000001000000000000001000000000000000
00000000000000100100000000001000000000000001000000000000000001100000000000001000000000000000
00000000000000000100000000001000000000000001000000000000000001110000000000001000000000000000
00000000000000000100000000000000000000000001000010000000000001110000000000001000000000000000
00000000000000000100000000000001000000000000000010000000000001110000000000001000000000000000
00000000000000001100000000000001000000000000000010000000000000110000000000001000000000000000
00000000000000001100000000000001000000000000000010000000000000110000000000001000000000000000
00000000000000001100000000000001000000000000000010000000000000110000000010001000000000000000
00000000000000001100000000000001000000000000000010000000000000110000000000001000000000000000
00000000000000001100000000000001000000000000000010000000000000110000000010001000000000000000
00000000000000001110000000000001000000000000000010000000000000110000000010000000000000000000
00000000000000001111000000000001000000000000000010000000000000010000000010000000000000000000
00000000000000001111100000000001000000000000000010000000000000000000000010000000000000000000
00000000000000001111100000000001000010000000000000000000000000000000000010000000000000000000
00000000000000001111100000000000000010000000000000000010000000000000000010000000000000000000
00000000000000000111100000000000000010000000000000000010000000000000001010000000000000000000
00000000000000000011100000000000000010000000000000000010000000000000001110000000000000000000
00000000000000000001100000000000000010000000000000000010000000000000001110000000000000000000
00000000000000000001100000000000000010000000000000000010000000000000001110000000000000000000
00000000000001000001100000000000000010000000000000000010000000000000001110000000000000000000
00000000000000000001100000000000000010000000000000000010000000000000001110000000000000000000
00000000000001000001100000000000000010000000000000000010000000000000001110000000000000000000
00000000000001000000100000000000000010000000000000000010010000000000001110000000000000000000
00000000000001000000000000000000000010001000000000000010010000000000001110000000000000000000
00000000000001000000000000000000000000001100000000000010010000000000001110000000000000000000
00000000000001000000000000100000000000001100000000000000010000000000001110000000000000000000
00000000000001000000000000100000000000001100000000000000010000000000001110000000000000000000
00000000000001000000000000100000000000001100000000000000010000000000001110000010000000000000
00000000000001000000000000100000000000001100000000000000010000000000001110000000000000000000
00000000000001000000000000100000000000001100000000000000010000000000001110000010000000000000
00000000000001000000000000110000000000001100000000000000010000000000000110000010000000000000
00000000000001000000000000110000000000001101000000000000010000000000000010000010000000000000
00000000000001000000000000110000000000001101000000000000010001000000000000000010000000000000
00000000000001000000000000110000000000001101000000000000000001100000000000000010000000000000
00000000000001000000000000110000000000001101000000000000000001100000000000000010000000000000
00000000001001000000000000110000000000001101000000000000000001100000000000000010000000000000
00000000000001000000000000110000000000001101000000000000000001100000000000000010000000000000
00000000001001000000000000110000000000001101000000000000000001100000000000000010000000000000
00000000001001000000000000110000000000000101000000000000000001100000000000000010000000001000
00000000001001000000000000110000000000000001000000000000000001100000000000000010000000001100
00000000001001000000000000010000000000000001000000000000000001100000000000000010001000001100
00000000001000000000000000010000000000000001000000000000000001100000010000000010001000001100
00000000001000000000000000000000000000000001000000000010000001100000010000000010001000001100
00000000001000000000000000000000000001000000000000000010000001100000010000000010001000001100
00000000001000000000010000000000000001000000000000000010000000100000010000000010001000001100
00000000001000000000010000000000000001000000000000000010000000000000010000000010001000001100
00000000001001000000010000000000000001000000000000000010000000000000010000000010001000001100
00000000001000000000010000000000000001000000000000000010000000000000010000000010001000001100
00000000001001000000010000000000000001000000000000000010000000000000010000000010001000001100
00000000001101000000010000000000000001000000000000000010000000000000010000000000001000001100
00001000001101000000010000000000000001000000000000000010000000000000010000000000001000000100
00001100001101000000010000000000000001000000000000000010000000000000010000000000001000000000
00001100001101000000010000000000000001000000000000000010000000000000010000000000000000000000
00001100001101000000010000000000000001000000000000000010000000000010010000000000000000000000
00001100001101000000010000000000000001000000000000000010000000000000010000000000000000000000
00001100001101000000010000000000000001000000000000000010000000000010010000000000000000000000
00001100001101000000010000010000000001000000000000000010000000000010000000000000000000000000
00001100001101000000010000011000000001000000000000000000000000000010000000000000000000000000
00001100001101000000010000011000000000000000100000000000000000000010000000000000000000000000
00001100001101000000000000011000000000000000110000000000000000000010000000000000000000000000
00001100000101000000000000011000000000000000110010000000000000000010000000000000000000000000
00001100000001000000000000011000000000000000110010000000000000001010000000000000000000000000
00000100000001000000000000011000000000000000110010000000000000001110000000000000000000000000
00000000000001000000000000011000000000000000110010000000000000001110000000000000000000000000
00000000000001000000000000011000000000000000110010000000000000001110000000000000000000000000
00000000000001000000000001011000000000000000110010000000000000001110000000000000010000000000
00000000000001000000000001011000000000001000110010000000000000001110000000000000011000000000
00000000000001000000000001011000000000001000110010000000010000001110000000000000011000000010
00000000000001000000000001011000000000001000110010000000010000001110000001000000011010000010
00000000000001000000000001011000000000001000110010000000010000001110000001000000011011000010
00000000000001000000000001011000000000001000110010000000010000001110000001000000011011000010
00000000000000000000000001111000000000001000110010000000001000001110000001000000011011000010
