01010000010000100000100000000000000000000001000000000100000000000000000000001100001000011111
01111100100001010000000000100000001000000000000000000000000100000001000000000000010000100100
01100001000010000100000000000000000000001000000000100000000000000000000001000111111111100001
01001011111111100000000100000101000000000000000000000000100000001000000000000001000010001000
01000000001000010000000000000100000001000000100100000000000000111111111111111010000100000010
00000000000000001111111111111010000000000000100000000000000011100000000000010100000000000000
00000000000000000000000000000000000000000011001111111111111111010000000000100010000000110000
00000000000000000000000000111001111111111111111010000000001000001000000001000001000001001001
00000000000001100000000001000111111111111111011001000000010000000100000010000000100010000110
00000110000010011000000010000000100000010000000111111111111111000010000100000000011100000000
01101001000100001111111111111010010000100000100000010001000000000001111000000000000000000000
00010000101000000010001000000000001001000000000000001110000000111111111111111000000000000000
00000011111111100001010000000100000110000000000000000000000000000000000000000000000000000000
00000000000000000000000000000000000000000000000000000000000000000000000000000111111111100000
00111100000000010000000000000000000000000000000000000000000000000000000000000000000000000000
00000000000000000000000000000000000000000000000000000000000000000000000000000000000000011111
