00000001000000001010111100000000110100010000000000000111100000000000000000000000000000000000
00100010100000000001011110000011001010001000000001110011110000000000000000000000000000000000
01010000010000010000101111000100000101000100110010001001111000001111000000000000000000000000
00001100001000100000010111101000000010100010001100000100111100010000100000000001110000000000
00000000000111000000001011110000000001010001000000000010011111100000010000000010001000001100
00000000000000000000000111111000000000101010001000000001001111000000001000001100000100010010
00000000000000000000000000111000000000011100110100000000100111000000000100010000000010100001
00000000000000000000000000011011000000000010100110000000011011000000000010100000000001000000
00000000000001001000000001011010100000000111100111000000000001000000000000000000000000000000
00000100000010101100000010001010010000001001101111100000001110000000000000000000000000000000
01001000000100011110000100000110001000000000111011110000010001000000000001111000000000000000
00110010001000001111001000000011000100100000010101111000100000100000000010000100000001100000
00000001110000001111110000000001100011000000000010111101000000010000000100000010000010010001
00000000000000000111110000000000110011000000000001011110000000001000001000000001000100001010
00000000000000000001111000000000011100100000000000101111000000000100010000000000101000000100
