00000000010000000000000000000000001000100000000000000000000000000000000000000000000000000000
00000000001000000010000000000000000000010000000000000000000000000000000000000000000000000000
00000001000100000000000000000000000000001000000000000000000000000000000000000000000000000000
00000010000000000000000010000000000000000100000000000000000000000000000000000000000000000000
00000000000000000000000000000000000000001010000000000000000000000000000000000000000000000000
00000000000000000000000000001000000000000001000000000000001000000000000000000000000000000000
00000000000000000000000000000000000000000001001000000000000000000000000000100000000000000000
00000000000000000000000000000000000000000000010000000000000010000000000000000000000000100000
00000000000000000000000000000001000000000000000000000000000000000000000000010000000000010000
00000000000000000000000000000000100000000000000000000000000000000000000000000000000000101000
00000000000000000000000000000000010000000000000000000000000000000000000000000000100000000001
00000000000000000000000000000000001000000000000000000000000000000010000000000000000000000010
00000000000000000000000000000000000100000000000000010000000000000000000000000000001000000000
00000000000000000000000000000000001010000000000000000000000000000000100000000000000000000000
00000000000000000001000000000000000001000000000000001000000000000000000000000000000000000000
00000000010000000000000000000000001000100000000000000000000000000000000000000000000000000000
00000000001000000010000000000000000000010000000000000000000000000000000000000000000000000000
00000001000100000000000000000000000000001000000000000000000000000000000000000000000000000000
00000010000000000000000010000000000000000100000000000000000000000000000000000000000000000000
00000000000000000000000000000100000010001010000000000000000000000000000000000000000000000000
00000000000000000000000000001000000001000001000000000000001000000000000000000000000000000000
00000000000000000000000000000000000000100001001000000000000000000000000000100000000000000000
00000000000000000000000000000000000000010000010000000000000010000000000000000000000000100000
00000000000000000000000000000001000000001000000000000000000000000000000000010000000000010000
00000000000000000000000000000000100000000100000000000000000000000000000000000000000000101000
00000000000000000000000000000000010000000010000000000000000000000000000000000000100000000001
00000000000000000000000000000000001000000001000000000000000000000010000000000000000000000010
00000000000000000000000000000000000100000000001000010000000000000000000000000000001000000000
00000000000000000000000000000000001010000000010000000000000000000000100000000000000000000000
00000000000000000001000000000001000001000000000000001000000000000000000000000000000000000000
00000000000000000000000000000000100000100000000000000000000000000000000000000000000000000000
00000000000000000000000000000000010000000000000000000000100000000000000000000000000000000000
00000000000000000000000000000000001000000000000000000000000000000000000010000000000000000000
00000000000000000000000000000000000100000000000000000000000000000000000000000000000001000000
00000000000000000000000000001110000000000000011000000000000000000000000000000000000000100000
00000010000000111000000000010001000000000001000110000000000001000000000000000100000000000000
01100101000001000100000000100000100000000010000001000000000010111000000000001000000000000000
00011000110010000011010001000000010110000100000100100000000100000100000000010111000000000000
00010000111100000011001010000000001001001000010000011110001000000010000000100000100000111000
01101001000100000100111100000010010100110000000000011001010000000001111001000000010001000101
00000110000010011000000010000000100011110000000000100100100000000010100110000000011110000010
00100000000001100000000001000111000000001000000001000011010000000100010110000000100110000110
00010000000000000000000000111000000000000100110010000000001000001000000001000001000001001001
00000000001000000000000000000000000000000011001100000000000100010000000000100010000000110000
00000000000000000000001000000000000000000000000000000000000011100000000000010100000000000000
