00000000000000000000000000000000000010000000000000000000000000000000000000000000000100000010
00000000000000000000000000000000000001000000000000000000000000000000000000000000000010000001
00000000000000000000000000000000000000100000000000000000000000000000000000000000000001010000
00000000000000000000000000000000000000010000000000000000000000000000000000000000000000101000
00000000000000000000000000000000000000001000000000000000000000000000000000000100000000000100
00000000000000000000000000000000000000000100000000000000000000000000000000000010000000000010
00000000000000000000000000000000000000000010000000000000000000000000000000000001000000000001
00000000000000000000000000000000000000000001000000000000000000000000000000000000100000010000
00000000000000000000000000000000000000000000001000000000000000000000000000000000010000001000
00000000000000000000000000000000000000000000010000000000000000000000000000000000001000000100
00000000000000000000000000000001000000000000000000000000000000000000000000000000000000000010
00000000000000000000000000000000100000000000000000000000000000000000000000000000000000000001
00000000000000000000000000000000010000000000000000000000000000000000000000000000000000010000
00000000000000000000000000000000001000000000000000000000000000000000000000000000000000001000
00000000000000000000000000000000000100000000000000000000000000000000000000000000000000000100
00000000000000000000000000000000000010000000000000000010000000000000000000000000000000000010
00000000000000000000000000000000000001000000000000000001000000000000000000000000000000000001
00000000000000000000000000000000000000100000000000000000100000000000000000000000000000010000
00000000000000000000000000000000000000010000000000000000010000000000000000000000000000001000
00000000000000000000000000000000000000001000000000000000001000000000000000000000000000000100
00000000000000000000000000000000000000000100000000000000000100000000000000000000000000000010
00000000000000000000000000000000000000000010000000000000000010000000000000000000000000000001
00000000000000000000000000000000000000000001000000000000000001000000000000000000000000010000
00000000000000000000000000000000000000000000001100000000000000000000000000000000000000001000
00000000000000000000000000000000000000000000010010000000000000000000000000000000000000000100
00000000000000000000000000000001000000000000000001000000000000000000000000000000000000000010
00000000000000000000000000000000100000000000000000100000000000000000000000000000000000000001
00000000000000000000000000000000010000000000000000010000000000000000000000000000000000010000
00000000000000000000000000000000001000000000000000001000000000000000000000000000000000001000
00000000000000000000000000000000000100000000000000000100000000000000000000000000000000000100
00000000000000000000000000000000000010000000000000000010000000000000000000000000000000000010
00000000000000000000000000000000000001000000000000000000000000000000001000000000000000000001
00000000000000000000000000000000000000100000000000000000000000000000000100000000000000010000
00000000000000000000000000000000000000010000000000000000000000000000000010000000000000001000
00000000000000000000000000000000000000001000000000000000000000000000000001000000000000000100
00000000000000000000000000000000000000000100000000000000000000000000000000100000000000000010
00000000000000000000000000000000000000000010000000000000000000000000000000010000000000000001
00000000000000000000000000000000000000000001000000000000000000000000000000001000000000010000
00000000000000000000000000000000000000000000001000000000000000100000000000000000000000001000
00000000000000000000000000000000000000000000010000000000000000010000000000000000000000000100
00000000000000000000000000000001000000000000000000000000000000001000000000000000000000000010
00000000000000000000000000000000100000000000000000000000000000000100000000000000000000000001
00000000000000000000000000000000010000000000000000000000000000000010000000000000000000010000
00000000000000000000000000000000001000000000000000000000000000000001000000000000000000001000
00000000000000000000000000000000000100000000000000000000000000000000100000000000000000000100
00000000000000000000000000000000000010000000000000000000000000000000010000000000000000000010
00000000000000000000000000000000000001000000000000000000000000000000000000000000000100000001
00000000000000000000000000000000000000100000000000000000000000000000000000000000000010010000
00000000000000000000000000000000000000010000000000000000000000000000000000000000000001001000
00000000000000000000000000000000000000001000000000000000000000000000000000000000000000100100
00000000000000000000000000000000000000000100000000000000000000000000000000000100000000000010
00000000000000000000000000000000000000000010000000000000000000000000000000000010000000000001
00000000000000000000000000000000000000000001000000000000000000000000000000000001000000010000
00000000000000000000000000000000000000000000001000000000000000000000000000000000100000001000
00000000000000000000000000000000000000000000010000000000000000000000000000000000010000000100
00000000000000000000000000000001000000000000000000000000000000000000000000000000001000000010
00000000000000000000000000000000100000000000000000000000000000000000000000000000000000000001
00000000000000000000000000000000010000000000000000000000000000000000000000000000000000010000
00000000000000000000000000000000001000000000000000000000000000000000000000000000000000001000
00000000000000000000000000000000000100000000000000000000000000000000000000000000000000000100
00000000000000000000000000000000000010000000000000000010000000000000000000000000000000000010
00000000000000000000000000000000000001000000000000000001000000000000000000000000000000000001
00000000000000000000000000000000000000100000000000000000100000000000000000000000000000010000
00000000000000000000000000000000000000010000000000000000010000000000000000000000000000001000
00000000000000000000000000000000000000001000000000000000001000000000000000000000000000000100
00000000000000000000000000000000000000000100000000000000000100000000000000000000000000000010
00000000000000000000000000000000000000000010000000000000000010000000000000000000000000000001
00000000000000000000000000000000000000000001000000000000000001000000000000000000000000010000
00000000000000000000000000000000000000000000001100000000000000000000000000000000000000001000
00000000000000000000000000000000000000000000010010000000000000000000000000000000000000000100
00000000000000000000000000000001000000000000000001000000000000000000000000000000000000000010
00000000000000000000000000000000100000000000000000100000000000000000000000000000000000000001
00000000000000000000000000000000010000000000000000010000000000000000000000000000000000010000
00000000000000000000000000000000001000000000000000001000000000000000000000000000000000001000
00000000000000000000000000000000000100000000000000000100000000000000000000000000000000000100
00000000000000000000000000000000000010000000000000000000000000000000001000000000000000000010
00000000000000000000000000000000000001000000000000000000000000000000000100000000000000000001
00000000000000000000000000000000000000100000000000000000000000000000000010000000000000010000
00000000000000000000000000000000000000010000000000000000000000000000000001000000000000001000
00000000000000000000000000000000000000001000000000000000000000000000000000100000000000000100
00000000000000000000000000000000000000000100000000000000000000000000000000010000000000000010
00000000000000000000000000000000000000000010000000000000000000000000000000001000000000000001
00000000000000000000000000000000000000000001000000000000000000100000000000000000000000010000
00000000000000000000000000000000000000000000001000000000000000010000000000000000000000001000
00000000000000000000000000000000000000000000010000000000000000001000000000000000000000000100
00000000000000000000000000000001000000000000000000000000000000000100000000000000000000000010
00000000000000000000000000000000100000000000000000000000000000000010000000000000000000000001
00000000000000000000000000000000010000000000000000000000000000000001000000000000000000010000
00000000000000000000000000000000001000000000000000000000000000000000100000000000000000001000
00000000000000000000000000000000000100000000000000000000000000000000010000000000000000000100
