01111111111111111011011011011111001001001001000000000000000000000000000000000000000000000000
00000000000000000000000000000001001001001001000000000000000000000000000000000000000000000000
00000000000000000000000000000000100100100100001000000000000000000000000000000000000000000000
00000000000000000000000000000000010010010010010000000000000000000000000000000000000000000000
00000000000000000000000000000001001001001001000000000000000000000000000000000000000000000000
00000000000000000000000000000000100100100100001000000000000000000000000000000000000000000000
00000000000000000000000000000000010010010010010000000000000000000000000000000000000000000000
00000000000000000000000000000001001001001001000000000000000000000000000000000000000000000000
00000000000000000000000000000000100100100100001000000000000000000000000000000000000000000000
00000000000000000000000000000000010010010010010000000000000000000000000000000000000000000000
00000000000000000000000000000001001001001001000000000000000000000000000000000000000000000000
00000000000000000000000000000000100100100100001000000000000000000000000000000000000000000000
00000000000000000000000000000000010010010010010000000000000000000000000000000000000000000000
00000000000000000000000000000001001001001001000000000000000000000000000000000000000000000000
00000000000000000000000000000000100100100100001000000000000000000000000000000000000000000000
00000000000000000000000000000000010010010010010000000000000000000000000000000000000000000000
00000000000000000000000000000001001001001001000000000000000000000000000000000000000000000000
00000000000000000000000000000000100100100100001000000000000000000000000000000000000000000000
00000000000000000000000000000000010010010010010000000000000000000000000000000000000000000000
00000000000000000000000000000001001001001001000000000000000000000000000000000000000000000000
00000000000000000000000000000000000000000000000010010010010010000000000000000000000000000000
00000000000000000000000000000000000000000000000000000000000000001001001001001000000000000000
00000000000000000000000000000000000000000000000000000000000000000000000000000101010101000000
00000000000000000000000000000000000000000000000000000000000000000000000000000101010101011111
00000000000000000000000000000000000000000000000000000000000000000000000000000000000000011111
00000000000000000000000000000000000000000000000000000000000000000000000000000101010101000000
00000000000000000000000000000000000000000000000000000000000000001001001001001000000000000000
00000000000000000000000000000000000000000000000010010010010010000000000000000000000000000000
00000000000000000000000000000001001001001001000000000000000000000000000000000000000000000000
01000000000000000000000000000000000000000000000000000000000000000000000000000000000000000000
01111100000000010000000000000000000000000000000000000000000000000000000000000000000000000000
00111101010101010000000000000100000000000000000000000000000000000000000000000000000000000000
00000001010101000100100100100100000000000000100000000000000000000000000000000000000000000000
00000000000000000100100100100000110110110110111000000000000000000000000000000000000000000000
00000000000000000000000000000000110110110110011011011011011011000000000000000000000000000000
00000000000000000000000000000000000000000000000011011011011011001001001001001000000000000000
00000000000000000000000000000000000000000000000000000000000000001001001001001101010101000000
00000000000000000000000000000000000000000000000000000000000000000000000000000101010101011111
00000000000000000000000000000000000000000000000000000000000000000000000000000000000000011111
00000000000000000000000000000000000000000000000000000000000000000000000000000101010101011111
01010000010000100000100000000000000000000001000000000100000000001001001001001101011101010000
01000100100001000000000000100000001000000000000011011011011111001001001001001000010000100100
01100001000010000100000000000000110110111110011011111011011011000000000001000000100001000001
01001010000100000100100100100001110110110110111000000000100000001000000000000001000010001000
01000001011101010100100100100100000001000000100100000000000000000000001000000010000100000010
00111101010101010000000000000100000000000000000000000000000000000000000000000000000000000000
00111100000000010000000000000000000000000000000000000000000000000000000000000000000000000000
01000000000000000000000000000000000000000000000000000000000000000000000000000000000000000000
