00100010000000010000000000000000000000000000000000000000000000000000000000000000000000000000
00100011000000010000000000000000000000000000000000000000000000000000000000000000000000000000
00100011100000010010000000000000000000000000000000000000000000000000000000000000000000000000
00100011100000010011000000000000001000000000000000000000000000000000000000000000000000000000
00100011100000010011000000000000001100000000000000001000000000000000000000000000000000000000
00100011100000010011000000000000001100000000000000001100000000000000100000000000000000000000
00100001100000000011000000000000001100000000000000001100000000000000100000000000000000000000
00000000100000000011000000000000001100000000000000001100000000000000100000000000000000000000
00000000000000000001000000000000001100000000000000001100000000000000100000000000000000000000
00000000000000000000000000000000000100000000000000001100000000000000100000000000000000000000
00000000000000000000000000000000000000000000000000001100000000000000100000000000000000000000
00000000000000000000000000000000000000000000000000011100000000000001100000000000000000000000
00000000000000000000000000000000000000000000000000111100000000000011100000000000000000000000
00000000000000000000000000000000000000000000000001111100000000000111100000000000000000000000
00000000000000000000000000000000000000000000000001111100000000011111100000000011000000001000
00000000000000000000000000000000000000000000000001111100000000011111100000000111000000111000
00000000000000000000000000000000000000000000000001111000000000011111000000000111000000111000
00000000000000000000000000000000000000000000000001110000000000011110000000000111000000111000
00000000000000000000000000000000000000000000000001100000000000011100000000000111000000111000
00000000000000000000000000000000000000000000000000000000000000011000000000000111000000111000
00000000000000000000000000000000000000000000000000000000000000010000000000000111000000111000
00000000000000000000000000000000000000000000000000000000000000000000000000000110000000111000
00000000000000000000000000000000000000000000000000000000000000000000000000000100000000110000
00000000000000000000000000000000000000000000000000000000000000000000000000011100000000110000
00000000000000000000000000000000000000000000000000000000000110000000000000011100000000110000
00000000000000000000000000000000000000000110000000000000000110000000000000011100000000110000
00000000000000000000000001100000000000000110000000000000000110000000000000011100000000110000
00000000000011000000000001100000000000000110000000000000000110000000000000011100000000110000
00000000000011000000000011100000000000001110000000000000000110000000000000011100000000110000
00000000000011000000000011100000000000011110000000000000010110000000000000011100000000110000
00000000000011000000000011100000000000111110000000000000110110000000000000011100000000110000
00000000000011000000000011100000000001111110000000000001110110000000000000011100000000110000
00000000000011000000000011100000000011111110000000000011110110000000000000011100000000000000
00000000000011000000000011100000000011111110000000000011110110000000000000000000000000000000
00000000000011000000000011100000000011111110000000000011110000000000000000000000000000000000
00000000000011000000000011100000000011111000000000000011110000000000000000000000000000000000
00000000000010000000000011000000000011111000000000000011110000000000000000000000000000000000
00000000000000000000000010000000000011111000000000000011110000000000000000000000000000000000
00000000000000000000000000000000000011110000000000000011110000000000000000000000000000000000
00000000000000000000000000000000000011100000000000000011100000000000000000000000000000000000
00000000000000000000000000000000000011000000000000000011000000000000000000000000000000000000
00000000000000000000011000000000000011000000000000000000000000000000000000000000000000000000
00000000001100000000011000000000000011000000000000000000000000000000000000000000000000000000
00001100001111000000011000000000000011000000000000000000000000000000000000000000000000000000
00001100001111110000011000000000000011000000000000000000000000000000000000000000000000000000
00001110001111110000011000000100000011000000000000000000000000000000000000000000000000000000
00001110001111110000011000000110000011000000100000000000000000000000000000000000000000000000
00001110001111110000011000000110000011000000111000000000000000000000000000000000000000000000
00001110001111110000011000000110000011000000111100000000000001000000000000000000000000000000
00001110001111110000011000000110000011000000111100000000000001100000000000001000000000000000
