01000000000000000100100100100000000000000000100000000000000000001001001001001000000000000000
00111101010101011011011011011110110110110110011011011011011011110110111110110101010101011111
00000010101010100000000000000001001001001001000100100100100100000000000000000010101010100000
00000000000000000000000000000000000000000000000000000000000000000000000000000000000000000000
00000010101010100000000000000001001001001001000100100100100100000000000000000010101010100000
00111111111111111011011011011111111111111111011111111111111111110110111110110111111111111111
00111101010101011011011011011110110110110110011011011011011011110110110110110101010101011111
01111101010101011111111111111110110110110110111011011011011011111111111111111101010101011111
01000000000000000100100100100000000000000000100000000000000000001001001001001000000000000000
00000000000000000000000000000000000000000000000000000000000000000000000000000000000000000000
