00000000000000000000100000011000000110000010001000001110000011000000000000000000000000000000
00000000000000000001000000110000001100000101000000011100000110000000000000000000000000000000
00000000000000000010000001100000011000001010000000111000001100000000000000000000000000000000
00000000000000000100000011000000110000010100000001110000011000000000000000000000000000000000
00000000000000001000000110000001100000101000000011100000110000000000000000000000000000000000
00000000000000000000001100000011000001010000010111000001100000000000000000000000000000000000
00000000000000000000000000000000000000000000111110000000000001000000000000000000000000000000
00000000000000000000011000001000000010100001001100000011000011000000000000000000000000000000
00000000000000000000110000010000000101000011000000000110000111000000000000000000000000000000
00000000000000000001100000100000001010000110000000001100001110000000000000000000000000000000
00000000000000000011000001000000010100001100000000011000011100000000000000000000000000000000
00000000000000000110000010000000101000011000000000110000111000000000000000000000000000000000
00000000000000001100000100000001010000110000000001100001110000000000000000000000000000000000
00000000000000001000000100000010100000110000010011000001110000000000000000000000000000000000
00000000000000000000001000000011000001100000101110000011100000000000000000000000000000000000
00000000000000000000010000001000000011000001110100000111000001000000000000000000000000000000
