00000000000000000000000000000000000000000000000000000000000000101111110111011000000000000000
00000000000000000000000000000000000000000000000000000000000000101111110111011000000000000000
00000000000000000000000000000000000000000000000001101100110011101111110111011000000000000000
00000000000000000000000000000000000000000000000001101100110011101111110111011000000000000000
00000000000000000000000000000000100100010001000001101100110011101111110111011000000000000000
00000000000000000000000000000000100100010001000001101100110011101111110111011000000000000000
00000000000000000000000000000000100100010001000001101100110011101111110111011000000000000000
00000000000000000000000000000001111111111111011000000000000000000000000000000000000000000000
00000000000000000000000000000001111111111111011000000000000000000000000000000000000000000000
00000000000000001101010101010000010101010101110000000000000000000000000000000000000000000000
00000011111111101111111111111110000000000000100000000000000000000000000000000000000000000000
00000011111111101111111111111110000000000000100000000000000000000000000000000000000000000000
00000000000000000000000000000001010101010101001000000000000000000000000000000000000000000000
00000000000000000000000000000001010101010101001000000000000000000000000000000000000000000000
00000000000000000000000000000001010101010101001111111111111111000000000000000000000000000000
00000000000000000000000000000001010101010101001111111111111111111111111111111000000000000000
00000000000000000000000000000001010101010101001111111111111111111111111111111000000000000000
00011000100010000010000001000000010000000100000000100000000100111111111111111000000000000000
00011000100010000010000001000000010000000100000000100000000100111111111111111000000000000000
00011000111110000011000011000000011000001100000000110000001100111111111111111000000000000000
00000000011100000001000010000000001000001000000000010000001000111111111111111000000000000000
00000000011100000001111110000000001100011000000000011000011000111111111111111000000000000000
00000000011100000001111110000000001100011000000000011000011000111111111111111000000000000000
00000000000000000000111100000000000100010000000000001000010000111111111111111000000000000000
00000000000000000000111100000000000111110000000000001100110000111111111111111000000000000000
00000000000000000000111100000000000111110000000000001100110000111111111111111000000000000000
00000000000000000000000000000000000011100000000000000100100000111111111111111000000000000000
00000000000000000000000000000000000011100000000000000111100000111111111111111000000000000000
00000000000000000000000000000000000000000000000000000011100000111111111111111000000000000000
00000000000000000000000000000000000000000000000000000000000000111111111111111000000000000000
00000010101010101011011011011011111111111111011000000000000000000000000000000000000000000000
00000010101010101011011011011011111111111111011000000000000000000000000000000000000000000000
00000010101010101011011011011011111111111111011011011011011011001001001001001000000000000000
00000010101010101011011011011011111111111111011011011011011011001001001001001000000000000000
00000010001010101000011011011011111111111111011011000011011011001000001001001000000000000000
00000010000010101000000011011011111111111111011011000000011011001000000001001000000000000000
00000010000000101000000000011011111111111111011011000000000011001000000000001000000000000000
00000010000000001000000000000011111111111111011011000000000000001000000000000000000000000000
00000000000000000000000000000001111111111111011000000000000000000000000000000000000000000000
00000000000000000000000000000001111111111111011000000000000000000000000000000000000000000000
00000000000000000000000000000001111111111111011000000000000000000000000000000000000000000000
