00000000000000000000000000000000000100001000010000000000000000000000000000000000000000000000
00000000000000000000100001000010000100001000010000000000000000000000000000000000000000000000
00000000000000000000100001000011000110001100010000000000000000000000000000000000000000000000
00000000000000000000100001000011000110001100010010000100001000000000000000000000000000000000
00000000000000000000100001000011000110001100010110001100011000000000000000000000000000000000
00000000000000000000100001000011001010010100001110001100011000000000000000000000000000000000
00000000000000000001000010000001001010010100101110001100011000000000000000000000000000000000
00000010010011000001000010000100001000010000101110001100011000000000000000000000000000000000
00000010010011001001010010100100001000010000101100001000010000000000000000000000000000000000
00000010010011001001010010100100101001010010101000000000000000000000000000000000000000000000
00000010010011001001010010100100100001000010100001000010000100000000000000000000000000000000
00000010010011001000010000100100100001000010000001000010000100001000010000100000000000000000
00000000000000001000010000100000100001000010000001000010000100011000110001100000000000000000
00000000000000000000000000000000100001000010000001000010000100111001110011100000000000000000
00000000000000000000000000000000000000000000000001010010100101111001110011100000000000000000
00000000000000000000000000000000010000100001000000010000100001111001110011100000000000000000
00000000000000000010000100001000010000100001000000010000100001110001100011000000000000000000
00000000100100000010000100001100010000100001000000010000100001100001000010000000000000000000
00000000100100000011000110001100010000100001100000010000100001000000000000000000000000000000
00000000100100000011000110001100011000110001101000000000000000000000000000000000000000000000
00000000100100000011000110001100001000010000101100001000010000000000000000000000000000000000
00000000100100000001000010000100001000010000101110001100011000000000000000000000000000000000
00000000000000000001000010000001001010010100101110001100011000000000000000000000000000000000
00000000000000000000100001000011001010010100001110001100011000000000000000000000000000000000
00000000000000000000100001000011000110001100010110001100011000000000000000000000000000000000
00000000000000000000100001000011000110001100010010000100001000000000000000000000000000000000
00000000000000000000100001000011000110001100010000000000000000000000000000000000000000000000
00000000000000000000100001000010000100001000010000000000000000000000000000000000000000000000
00000000000000000000000000000000000100001000010000000000000000000000000000000000000000000000
00000000000000000000000000000000000000000000000000000000000000000000000000000000000000000000
