00000000000000000000000000000000000000000000000000010000000000000000000000000000000000000000
00000000000000000000000000000000000000000000000000010000000000000000000000000000000000000000
00000000000000000000000000000000000000000000000000010000000000000000000000000000000000000000
00000000000000000000000000000000000000000000000000010000000000000000000000000000000000000000
00000000000000000000000000000000000000000000000000010000000000000000000000000000000000000000
00000000000000000000000000000000000000000000000000000000000000000000000000000000000000000000
00000000000000000000000000000000001000000000000000010000000000000000000000000000000000000000
00000000000000000000000000000000000000000000000000000000000000000000000000000000000000000000
00000000000000000001000000000000001000000000000000010000000000000000000000000000000000000000
00000000000000000000000000000000000000000000000000000000000000000000000000000000000000000000
00000000000000000000000000000000000000000000000000000000000000000000000000000000000000000000
00000000000000000000000000000000000000000000000000000000000000000000000000000000000000000000
00000000000000000000000000000000000000000000000000000000000000000000000000000000000000000000
00000000000000000000000000000000000000000000000000000000000000000000000000000000000000000000
00000000000000000000000000000000000000000000000000000000000000000000000000000000000000000000
00000000000000000000000000000000000000000000000000000000000000000000000000000000000000000000
00000000000000000000000000000000000000000000000000000000000000000000000000000000000000000000
00000000000000000000000000000000000000000000000000000000000000000000000000000000000000000000
00000000000000000000000000000000000000000000000000000000000000000000000000000000000000000000
00000000000000000000000000000000000000000000000000010000000000000000000000000000000000000000
00000000000000000000000000000000000000000000000000010000000000000000000000000000000000000000
00000000000000000000000000000000001000000000000000010000000000000000000000000000000000000000
00000000000000000000000000000000001000000000000000010000000000000000000000000000000000000000
00000000000000000001000000000000001000000000000000010000000000000000000000000000000000000000
00000000000000000001000000000000001000000000000000010000000000000000000000000000000000000000
00000000010000000001000000000000001000000000000000000000000000000000000000000000000000000000
00000000010000000001000000000000001000000000000000000000000000000000000000000000000000000000
00000000011000000001000000000000000000000000000000000000000000000000000000000000000000000000
00000000011000000001000000000000000000000000000000000000000000000000000000000000000000000000
00000000011100000000000000000000000000000000000000000000000000000000000000000000000000000000
00000000011100000000000000000000000000000000000000000000000000000000000000000000000000000000
00000000001100000000000010000000000000000000000000000000000000000000000000000000000000000000
00000000001100000000000010000000000000000000000000000000000000000000000000000000000000000000
00000000001100000000000010000000000000000000000000000000000000000000000000000000000000000000
00000000000100000000000010000000000000001000000000000000000000000000000000000000000000000000
00000000000100000000000010000000000000001000000000000000000000000000000000000000000000000000
00000000000000000000000000000000000000001000000000000000001000000000000000100000000000000000
00000000000000000000000000000000000000001000000000000000001000000000000000100000000000000000
00000000000000000000000000000000000000000000000000000000001000000000000000100000000000100000
00000000000000000000000000000000000000000000000000000000001000000000000000100000000000100000
00000000000000000000000000000000000000000000000000000000000000000000000000100000000000110000
00000000000000000000000000000000000000000000000000000000000000000000000000100000000000110000
00000000000000000000000000000000000000000000000000000000000000000000000000000000000000111000
00000000000000000000000000000000000000000000000000000000000000000000000000000000000000111000
00000000000000000000000000000000000000000000000000000000000000000000000000000000100000011000
00000000000000000000000000000000000000000000000000000000000000000000000000000000100000011000
00000000000000000000000000000000000000000000000000000000000000000010000000000000100000001000
00000000000000000000000000000000000000000000000000000000000000000010000000000000100000001000
00000000000000000000000000000000000000000000000000010000000000000010000000000000100000000000
00000000000000000000000000000000000000000000000000010000000000000010000000000000100000000000
00000000000000000000000000000000001000000000000000010000000000000010000000000000000000000000
00000000000000000000000000000000001000000000000000010000000000000010000000000000000000000000
00000000000000000001000000000000001000000000000000010000000000000000000000000000000000000000
00000000000000000001000000000000001000000000000000010000000000000000000000000000000000000000
00000000010000000001000000000000001000000000000000000000000000000000000000000000000000000000
00000000010000000001000000000000001000000000000000000000000000000000000000000000000000000000
00000000011000000001000000000000000000000000000000000000000000000000000000000000000000000000
00000000011000000001000000000000000000000000000000000000000000000000000000000000000000000000
00000000011100000000000000000000000000000000000000000000000000000000000000000000000000000000
00000000011100000000000000000000000000000000000000000000000000000000000000000000000000000000
00000000001100000000000010000000000000000000000000000000000000000000000000000000000000000000
00000000001100000000000010000000000000000000000000000000000000000000000000000000000000000000
00000000000100000000000010000000000000001000000000000000000000000000000000000000000000000000
00000000000100000000000010000000000000001000000000000000000000000000000000000000000000000000
00000000000000000000000010000000000000001000000000000000001000000000000000000000000000000000
00000000000000000000000010000000000000001000000000000000001000000000000000000000000000000000
00000000000000000000000000000000000000001000000000000000001000000000000000100000000000000000
00000000000000000000000000000000000000001000000000000000001000000000000000100000000000000000
00000000000000000000000000000000000000000000000000000000001000000000000000100000000000100000
00000000000000000000000000000000000000000000000000000000000000000000000000100000000000110000
00000000000000000000000000000000000000000000000000000000000000000000000000100000000000110000
00000000000000000000000000000000000000000000000000000000000000000000000000000000000000111000
00000000000000000000000000000000000000000000000000000000000000000000000000000000000000111000
00000000000000000000000000000000000000000000000000000000000000000000000000000000100000011000
00000000000000000000000000000000000000000000000000000000000000000000000000000000100000011000
00000000000000000000000000000000000000000000000000000000000000000010000000000000100000001000
00000000000000000000000000000000000000000000000000000000000000000010000000000000100000001000
00000000000000000000000000000000000000000000000000010000000000000010000000000000100000000000
00000000000000000000000000000000000000000000000000010000000000000010000000000000100000000000
00000000000000000000000000000000001000000000000000010000000000000010000000000000000000000000
00000000000000000000000000000000001000000000000000010000000000000010000000000000000000000000
00000000000000000001000000000000001000000000000000010000000000000000000000000000000000000000
00000000000000000001000000000000001000000000000000010000000000000000000000000000000000000000
00000000010000000001000000000000001000000000000000000000000000000000000000000000000000000000
00000000010000000001000000000000001000000000000000000000000000000000000000000000000000000000
00000000011000000001000000000000000000000000000000000000000000000000000000000000000000000000
00000000011000000001000000000000000000000000000000000000000000000000000000000000000000000000
00000000011100000000000000000000000000000000000000000000000000000000000000000000000000000000
00000000011100000000000000000000000000000000000000000000000000000000000000000000000000000000
00000000001100000000000010000000000000000000000000000000000000000000000000000000000000000000
00000000001100000000000010000000000000000000000000000000000000000000000000000000000000000000
00000000000100000000000010000000000000001000000000000000000000000000000000000000000000000000
00000000000100000000000010000000000000001000000000000000000000000000000000000000000000000000
00000000000100000000000010000000000000001000000000000000000000000000000000000000000000000000
00000000000000000000000010000000000000001000000000000000001000000000000000000000000000000000
00000000000000000000000010000000000000001000000000000000001000000000000000000000000000000000
00000000000000000000000000000000000000001000000000000000001000000000000000100000000000000000
00000000000000000000000000000000000000001000000000000000001000000000000000010000000000000000
00000000000000000000000000000000000000000000000000000000001000000000000000100000000000000000
00000000000000000000000000000000000000000000000000000000000000000000000000000000000000000000
00000000000000000000000000000000000000000000000000000000000000000000000000100000000000000000
00000000000000000000000000000000000000000000000000000000000000000000000000000000000000000000
00000000000000000000000000000000000000000000000000000000000000000000000000000000000000000000
00000000000000000000000000000000000000000000000000000000000000000000000000000000000000000000
00000000000000000000000000000000000000000000000000000000000000000000000000000000000000000000
00000000000000000000000000000000000000000000000000000000000000000000000000000000000000000000
00000000000000000000000000000000000000000000000000000000000000000000000000000000000000000000
00000000000000000000000000000000000000000000000000000000000000000000000000000000000000000000
00000000000000000000000000000000000000000000000000000000000000000000000000000000000000000000
00000000000000000000000000000000000000000000000000000000000000000000000000000000000000000000
00000000000000000000000000000000000000000000000000000000000000000000000000000000000000000000
00000000000000000000000000000000000000000000000000000000000000000000000000000000000000000000
00000000000000000000000000000000000000000000000000000000000000000000000000000000000000000000
00000000000000000000000000000000000000000000000000000000000000000000000000000000000000000000
00000000000000000000000000000000000000000000000000000000000000000000000000000000000000000000
00000000000000000000000000000000000000000000000000000000000000000000000000000000000000000000
00000000000000000000000000000000000000000000000000000000000000000000000000000000000000000000
00000000000000000000000000000000000000000000000000000000000000000000000000000000000000000000
00000000000000000000000000000000000000000000000000000000000000000000000000000000000000000000
00000000000000000000000000000000000000000000000000000000000000000000000000000000000000000000
00000000000000000000000000000000000000000000000000000000000000000000000000000000000000000000
00000000000000000000000000000000000000000000000000000000000000000000000000000000000000000000
00000000000000000000000000000000000000000000000000000000000000000000000000000000000000000000
00000000000000000000000000000000000000000000000000000000000000000000000000000000000000000000
