01010100010001000000100000100000000100000100000000001000001000000001000001000000100001001001
01000000010001000000000000000000000100000100000000000000000000000001000001000000000000001001
01010100010001000000100000100000000100000100000000001000001000000001000001000000100001011001
01010100010001000000100000100000000100000100000000001000001000000001000001000000100001000001
01010100010001000000100000100000000100000100000000001000001000000000000001000000000001000001
01010100010001000000100000100000000000000100000000000000001000000000000001000000000001000001
01010100000001000000000000100000000000000100000000000000001000000000000001000000000001000001
00000100000001000000000000100000000000000100000000000000001000000000000001000000000001000001
00000000000000000000000000100000000000000100000000000000001000000000000001000000000001000001
00000000000000000000000000000000000000000000000000000000001000000000000001000000000001000001
00000000000000000000000000000000000000000000000000000000000000000000000000000000000001000001
00000000000000000000000000000000000000000000000000000000000000000000000000000000000000000000
01111100000000010000000000000000000000000000000000000000000000000000000000000000000000000000
01111111111111110000000000000100000000000000000000000000000000000000000000000000000000000000
00000011111111100000000000000100000000000000000000000000000000000000000000000000000000000000
00000011111111101111111111111110000000000000100000000000000000000000000000000000000000000000
00000000000000001111111111111010000000000000100000000000000000000000000000000000000000000000
00000000000000001111111111111011111111111111111000000000000000000000000000000000000000000000
00000000000000000000000000000001111111111111011111111111111111000000000000000000000000000000
00000000000000000000000000000000000000000000000111111111111111111111101111111000000000000000
00000000000000000000000000000000000000000000000000000000000000111111111111111000000000000000
00000000000000000000000000000000000000000000000000000000000000111111111111111111111111100000
00000000000000000000000000000000000000000000000000000000000000000000000000000111111111100000
00000000000000000000000000000000000000000000000000000000000000000000000000000111111111111111
00000000000000000000000000000000000000000000000000000000000000000000000000000000000000011111
00000000000000000000000000000000000000000000000000000000000000000000000000000000000000011111
