00000000000000000000000000000000000000000100000000000000000000000000000000000000000000000000
00000000000000000000000001100000000000001110000000000000001100000000000000000000000000000000
00000000000001000000000011110000000000011111000000000000011110000000000001110000000000000000
00001100000111100000000111111000000000111011001000000000111111000000000011111100000001100000
01001100001111110000001110011100000001110001101100000001110011100000000111111110000011110001
01111110011100110000011100001110000011100000111110000011100001110000001110001110000111110011
01110011111000011001111000000111000111000000111111000111000000111000011100000011001110011011
00110011110000001111110000000011101111000000010111101110000000011100111000000011111100001110
00000001110000001111100000000001111110000000000011101110000000001101110000000001111000000100
00000000000000000111000000000000111100000000000001111100000000000101100000000000010000000000
00000000000000000000000000000000011000000000000000111000000000000001000000000000000000000000
00000000000000000000000000000000000000000000000000010000000000000000000000000000000000000000
00000000000000000000000000000000000000000000000000010000000000000000000000000000000000000000
