00000000000000000000111100000000000100010000000000000111100000000000000000000000000000000000
00000000000000000000011110000000000010001000000000000011110000000000000000000000000000000000
00000000000000000000001111000000000001000100000000000001111000000000000000000000000000000000
00000000000000000000000111100000000000100010000000000000111100000000000000000000000000000000
00000000000000000000000011110000000000010001000000000000011110000000000000000000000000000000
00000000000000000000000001111000000000001000001000000000001111000000000000000000000000000000
00000000000000000000000000111000000000000100110100000000000111000000000000000000000000000000
00000000000000000000000000011011000000000010100110000000000011000000000000000000000000000000
00000000000000001000000000001010100000000001100111000000000001000000000000000000000000000000
00000000000000001100000000000010010000000000101111100000000000000000000000000000000000000000
00000000000000001110000000000010001000000000010011110000000000000000000000000000000000000000
00000000000000001111000000000001000100000000000001111000000000000000000000000000000000000000
00000000000000000111100000000000100010000000000000111100000000000000000000000000000000000000
00000000000000000011110000000000010001000000000000011110000000000000000000000000000000000000
00000000000000000001111000000000001000100000000000001111000000000000000000000000000000000000
00000000000000000000111100000000000100010000000000000111100000000000000000000000000000000000
00000000000000000000011110000000000010001000000000000011110000000000000000000000000000000000
00000000000000000000001111000000000001000100000000000001111000000000000000000000000000000000
00000000000000000000011110000000000010001000000000000011110000000000000000000000000000000000
00000000000000000000111100000000000100010000000000000111100000000000000000000000000000000000
00000000000000000001111000000000001000100000000000001111000000000000000000000000000000000000
00000000000000000011110000000000010001000000000000011110000000000000000000000000000000000000
00000000000000000111100000000000100010000000000000111100000000000000000000000000000000000000
00000000000000001111000000000001000100000000000001111000000000000000000000000000000000000000
00000000000000001110000000000010001000000000010011110000000000000000000000000000000000000000
00000000000000001100000000000010010000000000101111100000000000000000000000000000000000000000
00000000000000001000000000001010100000000001100111000000000001000000000000000000000000000000
00000000000000000000000000011011000000000010100110000000000011000000000000000000000000000000
00000000000000000000000000111000000000000100110100000000000111000000000000000000000000000000
00000000000000000000000001111000000000001000001000000000001111000000000000000000000000000000
00000000000000000000000011110000000000010001000000000000011110000000000000000000000000000000
