00000000000000000000000000001110000000000000011000000000000000000000000000000000000000000000
00000010000000111000000000010001000000000001000110000000000001000000000000000000000000000000
00011000100010000010000001000000010000000100000000100000000100000100000000010111000000000000
00001100001000100000010000001000000010000000001100000100000000010000100000000001110000000000
00000110000010011000000010000000100000010000000000100000100000000010000100000000011100000000
00100000100000110001000000010000000100000010000000000100000100000000010000100000000111000000
00110010001000000000001000000010000000100000010100000000100000100000000010000100000001100000
00011000100010000010000001000000010000000100000000100000000100000100000000010111000000000000
00001100001000100000010000001000000010000000001100000100000000010000100000000001110000000000
00000110000010011000000010000000100000010000000000100000100000000010000100000000011100000000
00100000100000110001000000010000000100000010000000000100000100000000010000100000000111000000
00110010001000000000001000000010000000100000010100000000100000100000000010000100000001100000
00011000100010000010000001000000010000000100000000100000000100000100000000010111000000000000
01100101000001000100000000100000100000000010000001000000000010111000000000001000000000000000
00000010000000111000000000010001000000000001000110000000000001000000000000000000000000000000
00000000000000000000000000001110000000000000011000000000000000000000000000000000000000000000
00000000000000000000000000000000000000000000100000000000000000000000000000000000000000000000
