00000000000000000000000000000000000110000000000000000000000000000000000000000000010000000000
00000000000000000000000000000000001001000000000001000000000000000000000000000000001000000000
00000000000000000000000000000001010000100000000000000000000000000000000000000000000100000000
00000000000000000000000000000010100000010000000000000000000000000000000100000000000000000000
00000000000000000000000000000101000000001000000000000000100000000000000000000000000000000000
00000000000000100000000000000000000000010100010000000000000000000000000000000000000000000000
00000000000001000000000010000000000000000010001000000000000000000000000000000000000000000000
00000000000010000000000001000000000000000001000000000000000000000000000000000000000000000000
00000100000000000000000000000000000000001010001000000000000000000000000000000000000000000000
00000000000000010000000000000000000000000100010000000000010000000000000000000000000000000000
00000010000000000000000000000001000000001000000000000000000000000000000010000000000000000000
00000000000000001000000000000000100000010000000000000000000000000000000000000000000010000000
00000000000000000000000000000000110000100000000000000000000000000000000000000000000000000010
00000000000000000000000000000000001001000000000000100000000000000000000000000000000000000100
00000000000000000000000000000000000110000000000000000000000000000010000000000000100000000000
00000000000000000000000000000000001001000000000000000000000000000000000000000000000000000000
00000000000000000000000000000000010000100000000000000000000000000000000000000000000000000000
00000000000000000000000000000000100000010000000000000000000000000000000000000000000000000000
00000000000000000000000000000001000000001000000000000000000000000000000000000000000000000000
00000000000000000000000000000000000010000100010000000000000000000000000000000000000000000000
00000000000000000000000000000000000001000010001000000000000000000000000000000000000000000000
00000000000000000000000000000000000000100001000000000000000000000000000000000000000000000000
00000000000000000000000000000000000000010010001000000000000000000000000000000000000000000000
00000000000000000000000000000000000000001100010000000000000000000000000000000000000000000000
00000000000000000000000000000001000000001100000000000000000000000000000000000000000000000000
00000000000000000000000000000000100000010010000000000000000000000000000000000000000000000000
00000000000000000000000000000000010000100001000000000000000000000000000000000000000000000000
00000000000000000000000000000000001001000000001000000000000000000000000000000000000000000000
00000000000000000000000000000000000110000000010000000000000000000000000000000000000000000000
00000000000000000000100000000001000110000000000000000100000000000000000000000000000000000000
00000000010000000000100000000000101111000000000000000100000000000000000000000000001000000000
00010000010000000000100000000000011111100000000000000100000000000000000000000000001000000000
01010000010000000000100000000000111111110000000000000100000000000000000000000000001000010000
01010000010000100000100000000001111111111000000000000100000000000000000000000100001000010000
01011000010000100000100000000001111111111100010000000100000000000000000000001100001000010000
01010000011000110000100000000001111111111111011000000100000000000000000000001100001000010000
01010000010000100000110000000101111111111110011000000100000000000000000000001100001000010000
01111100010000010000100000000001111111111100110000000100000000000000000000000100001000010000
00010011111111100000100000000101111111111000010000000100000000000000000000000000001000010000
00010000010000001111111111111010111111110000100010000100000000000000100000000000001000010000
00010000010000000000100000000001111111111111011000000100000000001000000000000000011000000000
00000000010000000000100000000000001111000000000111111111111111000100000000000000101000000000
00000000000000000000100000000000000110000000000000000100000000111111111111111001000000000000
00000000000000000000000000000000000110000000000000000000000000010001000000000111111111100000
00000000000000000000000000000000001001000000000100001000000000000000000000000000000000011111
00000000000000000000000000000000010100100000001000000000000000000000000000000000000000011111
00000000000000000000100000001000100000010000000000000000000000000000000000000000000000011111
00000000010000100000000000000001000000001000000000000000000000000000000000000000000000011111
00010100000000000000000000000000000000000100010000000000000000000000000000000111111111100000
00000000000000000000000000000000000100000010001000000000000000111111111111111000000000000000
01000000000000000000000100000000000000000010001111111111111111000000000000000000000000000000
00000000000000010000000000000001111111111111011000000000000000000000000000000000000000000000
00000000000000001111111111111110000000000010101000000001000000000000000000000000000000000000
00000011111111100000000000000100000000000100110000000000000000000000001000000000000000000000
00111100000000010000000000000001000000001000010000000000000000000000000000000000000100000000
01000000000000000000000000000000100000010000000010000000000000000000000000000000000000000010
01000000000000000000000000000000010000100000000000000000000000001000000000000000000000000000
00000000000000000000000000000000001001000000000000000000000000000100000000000000000000010000
00000000000000000000000000000000000000000000000000000000000000000010000000000100000000000000
00000000000000000000000000000000000000000000000000000000000000000001000000001000000000000000
00000000000000000000000000000000000000000000000000001000000010000000000000000000000000000000
00000000000000000000000000000000000100000010000000000000000000000000000000000000000000000000
00000000000000000000100000100000000000000000000000000000000000000000000000000000000000000000
00000000010000000000000001000000000000000000000000000000000000000000000000000000000000000000
00010000000000000000000010000000000000000000000000000000000000000000000000000000000000000000
00000000000000000000000000000000000000000000000000000000000000000000000000000000000000000000
00000000000000000000000000000000000100000000000000000000000000000000000000000000000000000000
00000000000000000000000000000000000000100000000000001000000000000000000000000000000000000000
00000000000000000000000000000000000000010000000000010000000000000000000000000000000000000000
00000000000000000000000000000000000000001000000000100000000000000000000000000000000000000000
00000000000000000000000000000000000000000100000001000000000000000000000000000000000000000000
00000000000000000000000000000000000000000010000010000000000000000000000000000000000000000000
00000000000000000000000000000000000000000001000100000000000000000000000000000000000000000000
00000000000000000000000000000000000000000000001000000000000001000000000000000000000000000000
00000000000000000000000000000000000000000000010000000000000010000000000000000000000000000000
00000000000000000000000000000001000000000000000000000000000100000000000000000000000000000000
00000000000000000000000000000000100000000000000000000000001000000000000000000000000000000000
00000000000000000000000000000000010000000000000000000000010000000000000000000000000000000000
00000000000000000000000000000000001000000000000000000000100000000000000000000000000000000000
00000000000000000000000000000000000100000000000000000001000000000000000000000000000000000000
00000000000000000000000000000000000010000000000000000010000000000000000000000000000000000000
00000000000000000000000000000000000001000000000000000100000000000000000000000000000000000000
00000000000000000000000000000000000000100000000000001000000000000000000000000000000000000000
00000000000000000000000000000000000000010000000000010000000000000000000000000000000000000000
00000000000000000000000000000000000000001000000000100000000000000000000000000000000000000000
00000000000000000000000000000000000000000100000001000000000000000000000000000000000000000000
00000000000000000000000000000000000000000010000010000000000000000000000000000000000000000000
00000000000000000000000000000000000000000001000010000000000000000000000000000000000000000000
00000000000000000000000000000000000000000000001100000000000000000000000000000000000000000000
00000000000000000000000000000000000000000000010000000000000001000000000000000000000000000000
00000000000000000000000000000001000000000000000000000000000010000000000000000000000000000000
00000000000000000000000000000000100000000000000000000000000100000000000000000000000000000000
00000000000000000000000000000000010000000000000000000000001000000000000000000000000000000000
00000000000000000000000000000000001000000000000000000000010000000000000000000000000000000000
00000000000000000000000000000000000100000000000000000000100000000000000000000000000000000000
00000000000000000000000000000000000010000000000000000001000000000000000000000000000000000000
00000000000000000000000000000000000001000000000000000010000000000000000000000000000000000000
00000000000000000000000000000000000001000000000000000010000000000000000000000000000000000000
00000000000000000000000000000000000001000000000000000010000000000000000000000000000000000000
00000000000000000000000000000000000001000000000000000010000000000000000000000000000000000000
00000000000000000000000000000000000000000000000000000000000000000000000000000000000000000000
00000000000000000000000000000000000000000000000000000000000000000000000000000000000000000000
00000000000000000000000000000000000100000000000000000000000000000000000000000000000000000000
00000000100100000000000000000000000000000000000000000000000000000000000000000000000000000000
00000000000000000010000010000000000000000000000000000000000000000000000000000000000000000000
00000000000000000000000000000000010000001000000000000000000000000000000000000000000000000000
00000000000000000000000000000000000000000000000000100000001000000000000000000000000000000000
00000000000000000000000000000000000000000000000000000000000000000100000000100000000000000000
00000000000000000000000000000000000000000000000000000000000000000000000000000001000000100000
00000000000000000000000000000000000000000000000000000000000000000000000000000010000000010000
00000000000000000000000000000000000000000000000000000000000000000000000000000100000000001000
00000000000000000000000000000000000000000000000000000000000000000000000000010000100000000000
00000000000000000000000000000000000000000000000000000000000100000010000000000000000000000000
00000000000000000000000000000000000000000100000000010000000000000000000000000000000000000000
00000000000000000000000001000000001000000000000000000000000000000000000000000000000000000000
00000000000010000001000000000000000000000000000000000000000000000000000000000000000000000000
00001000010000000000000000000000000000000000000000000000000000000000000000000000000000000000
00010000001000000000000000000000000000000000000000000000000000000000000000000000000000000000
00000000100100000000000000000000000000000000000000000000000000000000000000000000000000000000
00000000000000000010000010000000000000000000000000000000000000000000000000000000000000000000
00000000000000000000000000000000010000001000000000000000000000000000000000000000000000000000
00000000000000000000000000000000000000000000000000100000001000000000000000000000000000000000
00000000000000000000000000000000000000000000000000000000000000000100000000100000000000000000
00000000000000000000000000000000000000000000000000000000000000000000000000000001000000100000
01010000010111010000101000010100000101011101110010001010100101101111010100010010001010111101
01101001000101100100000101000111010000101011001101010001010100010101111010100110100010111110
01010111010001000010100000101101101010000101010100101010001010100010101111010010101000101011
01001001110100011000010100000101111101010000101011000101010101011010010101111011001010011101
01100101011101000101000010100000101011101110000001010100101010111010100010101000101010111010
00000000000000000000000001000000001000000000000000000000000000000000000000000000000000000000
00000000000010000001000000000000000000000000000000000000000000000000000000000000000000000000
00001000010000000000000000000000000000000000000000000000000000000000000000000000000000000000
00010000001000000000000000000000000000000000000000000000000000000000000000000000000000000000
00000000000000000000000000000000000000000000000000000000000000000000000000000000000000000000
00000000000000000000000000000000000100000000000000000000000000000000000000000000000000000000
00010000000000000000000000000001000000000000000000000000000000000000000000000000000000000000
00000000001000000000000000000000000000000000000010000000000000000000000000000000000000000000
00000000000000000000001000000000000000000000000000000000000000010000000000000000000000000000
00000000000000000000000000000000000000100000000000000000000000000000000000000010000000000000
00000000000000000000000000000000000000000000000000000000100000000000000000000000000000010000
00000000000000000000000000000000000000000000000000000000000000000000000010000000000000000001
00000000000000000000000000000000000000000000000000000000000000000000000000000000000011000000
00000000000000000000000000000000000000000000000000000000000000000000000100000000000000100000
00000000000000000000000000000000000000000000000000000001000000000000000000000100000000000000
00000000000000000000000000000000000001000000000000000000000000100000000000000000000000000000
00000000000000000000010000000000000000000000000100000000000000000000000000000000000000000000
00000000010000000000000000000000000000000000010000000000000000000000000000000000000000000000
00000011000000000000000000000000000000000000000000000000000000000000000000000000000000000000
00100000000000001000000000000000000000000000000000000000000000000000000000000000000000000000
00010000000000000000000000000001000000000000000000000000000000000000000000000000000000000000
