00111111111111110000000000000100000000000000000000000000000000000000000000000000000000000000
00000000000000000000000000000000000000000000000000000000000000000000000000000000000000000000
01000000000000000000000000000000000000000000000000000000000000000000000000000000000000000000
00000000000000000000000000000000000000000000000000000000000000000000000000000000000000000000
00000000000000000000000000000000000000000000000000000000000000000000000000000000000000011111
00000000000000000000000000000000000000000000000000000000000000000000000000000000000000000000
01000000000000000000000000000000000000000000000000000000000000000000000000000000000000000000
00111111111111110000000000000100000000000000000000000000000000000000000000000000000000000000
00000000000000000000000000000000000000000000000000000000000000000000000000000000000000000000
00111111111111110000000000000100000000000000000000000000000000000000000000000000000000000000
01000000000000000000000000000000000000000000000000000000000000000000000000000000000000000000
00000000000000000000000000000000000000000000000000000000000000000000000000000000000000000000
00000000000000000000000000000000000000000000000000000000000000000000000000000000000000011111
00000000000000000000000000000000000000000000000000000000000000000000000000000000000000000000
01000000000000000000000000000000000000000000000000000000000000000000000000000000000000000000
00000000000000000000000000000000000000000000000000000000000000000000000000000000000000000000
00111111111111110000000000000100000000000000000000000000000000000000000000000000000000000000
00000000000000000000000000000000000000000000000000000000000000000000000000000000000000000000
01000000000000000000000000000000000000000000000000000000000000000000000000000000000000000000
00000000000000000000000000000000000000000000000000000000000000000000000000000000000000000000
00000000000000000000000000000000000000000000000000000000000000000000000000000000000000011111
00000000000000000000000000000000000000000000000000000000000000000000000000000000000000000000
01000000000000000000000000000000000000000000000000000000000000000000000000000000000000000000
00111111111111110000000000000100000000000000000000000000000000000000000000000000000000000000
00111111111111110000000000000100000000000000000000000000000000000000000000000000000000000000
00000000000000000000000000000000000010000000000000000110000000000000111000000000000000000000
00000000000000000000000000000000000000010000000000000000110000000000000111000000000000000000
00000000000000000000000000000000000000000010000000000000000110000000000000111000000000000000
00000000000000000000000000000000000000000000010110000000000000111000000000000000000000000000
00000000000000000000000000000000010000000000000000110000000000000111000000000000000000000000
00000000000000000000000000000000000010000000000000000110000000000000111000000000000000000000
00000000000000000000000000000000000010000000000000000110000000000000111000000000000000000000
00000000000000000000000000000000010000000000000000110000000000000111000000000000000000000000
00000000000000000000000000000000000010000000000000000110000000000000111000000000000000000000
00000000000000000000000000000000000000000010000000000000000110000000000000111000000000000000
00000000000000000000000000000000000000000000010110000000000000111000000000000000000000000000
00000000000000000000000000000000000000000000010110000000000000111000000000000000000000000000
00000000000000000000000000000000000000000000000000000000000000000000000000000000000000000000
00000000000000000000000000000000000000000000000000000000000000000000000000000000000000000000
