00111100000000010000000000000000000000000000000000000000000000000000000000000000000000011111
00011100000000010000000000000000000000000000000000000000000000000000000000000000000000010111
00111000000000000000000000000000000000000000000000000000000000000000000000000000000000000111
00110000000000000000000000000000000000000000000000000000000000000000000000000000000000000110
00100000000000000000000000000000000000000000000000000000000000000000000000000000000000000100
00000000000000000000000000000000000000000000000000000000000000000000000000000000000000000000
00000000000000001011011011011010110110110110011011011011011011000000000000000000000000000000
00000000000000001011011011011010110110110110011010010010010010000000000000000000000000000000
00000000000000001011011011011010010010010010010010010010010010000000000000000000000000000000
00000000000000000010010010010010010010010010010010010010010010000000000000000000000000000000
00000000000000000000000000000000010010010010010010010010010010000000000000000000000000000000
00000000000000000000000000000000000000000000000010010010010010000000000000000000000000000000
00000000000000000000000000000000000000000000000000000000000000000000000000000000000000000000
00000000000000000000000000000000000000000000000000000000000000000000000000000000000000000000
00000000000000000010010010010010010010010010010010010010010010000000000000000000000000000000
00000000000000001001001001001001001001001001000001001001001001000000000000000000000000000000
00000000000000000100100100100000100100100100101100100100100100000000000000000000000000000000
00000000000000000010010010010010010010010010010010010010010010000000000000000000000000000000
00000000000000001001001001001001001001001001000001001001001001000000000000000000000000000000
00000000000000000100101000100000100101000100101100100101000100000000000000000000000000000000
00000000000000000010011000010010010011000010010010010011000010000000000000000000000000000000
00000000000000001001011000001001001011000001000001001011000001000000000000000000000000000000
00000000000000000100111000000000100111000000101100100111000000000000000000000000000000000000
00000000000000000010111000000010010111000000010010010111000000000000000000000000000000000000
00000000000000001001111000000001001111000000000001001111000000000000000000000000000000000000
00000000000000000101111000000000101111000000000000101111000000000000000000000000000000000000
00000000000000000011111000000000011111000000000000011111000000000000000000000000000000000000
00000000011000000000111000000000001111000000000000011100000000000001100000000000000000000000
00011000011100000000011000000000000000000000000000011000000000000011100000000000010000000000
01011100001110000000000000000000000000000000000000110000000000000111000000000000110000000000
01001100000011110000000000000000000000000000000001100000000000001110000000000001100000000000
00000100000001110000000000011100000000000000000011000000000000011100000000000001000000000000
00000000000000100000000000011101000000000001111111000000000000011000000000000000000000000000
00000000000000000000000000001111000000000001111110000000000001110000000000000000000000000000
00000000000000000000000000000011000000000000111110000000000000000000000000000000000000000000
00000000000000000000000000000001000000000000010010000000000000000000000000000000000000000000
00000000000000000000000000000001000000000000000000000000000000000000000000000000000000000000
