00000000100100000000000000000000000000000000000000000000000000000000000000000000000000000000
00000000000000000010000010000000000000000000000000000000000000000000000000000000000000000000
00000000000000000000000000000000010000001000000000000000000000000000000000000000000000000000
00000000000000000000000000000000000000000000000000100000001000000000000000000000000000000000
00000000000000000000000000000000000000000000000000000000000000000100000000100000000000000000
00000000000000000000000000000000000000000000000000000000000000000000000000000001000000100000
00000000000000000000000000000000000000000000000000000000000000000000000000000010000000010000
00000000000000000000000000000000000000000000000000000000000000000000000000000100000000001000
00000000000000000000000000000000000000000000000000000000000000000000000000010000100000000000
00000000000000000000000000000000000000000000000000000000000100000010000000000000000000000000
00000000000000000000000000000000000000000100000000010000000000000000000000000000000000000000
00000000000000000000000001000000001000000000000000000000000000000000000000000000000000000000
00000000000010000001000000000000000000000000000000000000000000000000000000000000000000000000
00001000010000000000000000000000000000000000000000000000000000000000000000000000000000000000
00010000001000000000000000000000000000000000000000000000000000000000000000000000000000000000
00000000100100000000000000000000000000000000000000000000000000000000000000000000000000000000
00000000000000000010000010000000000000000000000000000000000000000000000000000000000000000000
00000000000000000000000000000000010000001000000000000000000000000000000000000000000000000000
00000000000000000000000000000000000000000000000000100000001000000000000000000000000000000000
00000000000000000000000000000000000000000000000000000000000000000100000000100000000000000000
00000000000000000000000000000000000000000000000000000000000000000000000000000001000000100000
00000000000000000000000000000000000000000000000000000000000000000000000000000010000000010000
00000000000000000000000000000000000000000000000000000000000000000000000000000100000000001000
00000000000000000000000000000000000000000000000000000000000000000000000000010000100000000000
00000000000000000000000000000000000000000000000000000000000100000010000000000000000000000000
00000000000000000000000000000000000000000100000000010000000000000000000000000000000000000000
00000000000000000000000001000000001000000000000000000000000000000000000000000000000000000000
00000000000010000001000000000000000000000000000000000000000000000000000000000000000000000000
00001000010000000000000000000000000000000000000000000000000000000000000000000000000000000000
00010000001000000000000000000000000000000000000000000000000000000000000000000000000000000000
