00000000000000000000100000000001110111111111011000000100000000000000000000000000000000000000
00000000000000000001000000000001101111111111011000001000000000000000000000000000000000000000
00000000000000000010000000000001011111111111011000010000000000000000000000000000000000000000
00000000000000000100000000000000111111111111011000100000000000000000000000000000000000000000
00000000000000001000000000000001111111111111001001000000000000000000000000000000000000000000
00000000000000000000000000000011111111111111010010000000000000000000000000000000000000000000
00000000000000000000000000000001111111111110111100000000000000000000000000000000000000000000
00000000000000000000000000001001111111111101011000000000000001000000000000000000000000000000
00000000000000000000000000010001111111111011011000000000000010000000000000000000000000000000
00000000000000000000000000100001111111110111011000000000000100000000000000000000000000000000
00000000000000000000000001000001111111101111011000000000001000000000000000000000000000000000
00000000000000000000000010000001111111011111011000000000010000000000000000000000000000000000
00000000000000000000000100000001111110111111011000000000100000000000000000000000000000000000
00000000000000000000001000000001111101111111011000000001000000000000000000000000000000000000
00000000000000000000010000000001111011111111011000000010000000000000000000000000000000000000
00000000000000000000010000000001111011111111011000000010000000000000000000000000000000000000
00000000000000000000010000000001111011111111011000000010000000000000000000000000000000000000
00000000000000000000010000000001111011111111011000000010000000000000000000000000000000000000
00000000000000000000010000000001111011111111011000000010000000000000000000000000000000000000
00000000000000000000010000000001111011111111011000000010000000000000000000000000000000000000
