00000000000000000000100000000001110111111111011000000100000000000000000000000000000000000000
00000000000000000001000000000001101111111111011000001000000000000000000000000000000000000000
00000000000000000010000000000001011111111111011000010000000000000000000000000000000000000000
00000000000000000100000000000000111111111111011000100000000000000000000000000000000000000000
00000000000000001000000000000001111111111111001001000000000000000000000000000000000000000000
00000000000000000000000000000011111111111111010010000000000000000000000000000000000000000000
00000000000000000000000000000001111111111110111100000000000000000000000000000000000000000000
00000000000000000000000000001001111111111101011000000000000001000000000000000000000000000000
00000000000000000000000000010001111111111011011000000000000010000000000000000000000000000000
00000000000000000000000000100001111111110111011000000000000100000000000000000000000000000000
00000000000000000000000001000001111111101111011000000000001000000000000000000000000000000000
00000000000000000000000010000001111111011111011000000000010000000000000000000000000000000000
00000000000000000000000100000001111110111111011000000000100000000000000000000000000000000000
00000000000000000000001000000001111101111111011000000001000000000000000000000000000000000000
00000000000000000000000000000000000010000000000111110111111111000000010000000000000000000000
00000000000000000000000000000000000100000000000111101111111111000000100000000000000000000000
00000000000000000000000000000000001000000000000111011111111111000001000000000000000000000000
00000000000000000000000000000000010000000000000110111111111111000010000000000000000000000000
00000000000000000000000000000000100000000000000101111111111111000100000000000000000000000000
00000000000000000000000000000001000000000000000011111111111111001000000000000000000000000000
00000000000000000000000000000000000000000000010111111111111110010000000000000000000000000000
00000000000000000000000000000000000000000000001111111111111101100000000000000000000000000000
00000000000000000000000000000000000000000001000111111111111011000000000000001000000000000000
00000000000000000000000000000000000000000010000111111111110111000000000000010000000000000000
00000000000000000000000000000000000000000100000111111111101111000000000000100000000000000000
00000000000000000000000000000000000000001000000111111111011111000000000001000000000000000000
00000000000000000000000000000000000000010000000111111110111111000000000010000000000000000000
00000000000000000000000000000000000000100000000111111101111111000000000100000000000000000000
00000000000000000000000000000000000001000000000111111011111111000000001000000000000000000000
00000000000000000000000000000000000010000000000111110111111111000000010000000000000000000000
