00011000100010000010000001000000110000000100000000110000000100000000000000010111000000000000
00011000100010000010000001000000010000000100000001100000000100000110000000010110000000000000
00011000100010000010000001000000010000000100000000100000000100001100000000010101100000000000
00011000100010000010000001000000010000000100000000100000000100010100000000010011000000001000
00011000100010000010000001000000010000000100000000100000000100100100000000000111000000010000
00011000100010000010000001000000010000000100000000100000000000000100000000011111000000100000
00011000100010000010000001000000010000000000000000100000000110000100000000110111000000000000
00011000100010000010000000000000010000000110000000100000001100000100000000010111000000000000
00011000100000000010000001100000010000001100000000100000000100000100000000010111000000000000
00010000100011000010000011000000010000000100000000100000000100000100000000010111000000000000
00001100100110000010000001000000010000000100000000100000000100000100000000010111000000000000
01011000001010000010000001000000010000000100000000100000000100000100000000010111000000000000
00111000110010000000000001000000010000000100000000100000000100000100000000010111000000000000
00011001100010000011000001000000000000000100000000100000000100000100000000010111000000000000
00011000100010000110000001000000011000000100000000000000000100000100000000010111000000000000
00000110000010011000000010000000110000010000000001100000100000000000000100000000011100000000
00000110000010011000000010000000100000010000000000110000100000000110000100000000001100000000
00000110000010011000000010000000100000010000000000100000100000000011000100000000110100000000
00000110000010011000000010000000100000010000000000100000100000000010100100000000011000000100
00000110000010011000000010000000100000010000000000100000100000000010010000000000011100000010
00000110000010011000000010000000100000010000000000100000000000000010001100000000011110000000
00000110000010011000000010000000100000000000000000100001100000000010000110000000011100000000
00000110000010011000000000000000100000110000000000100000110000000010000100000000011100000000
00000110000000011000000110000000100000011000000000100000100000000010000100000000011100000000
00000010000110011000000011000000100000010000000000100000100000000010000100000000011100000000
00001110000011001000000010000000100000010000000000100000100000000010000100000000011100000000
01000100000010111000000010000000100000010000000000100000100000000010000100000000011100000000
00100110000010010000000010000100100000010000000000100000100000000010000100000000011100000000
00000111000010011000000010000010000000010000000000100000100000000010000100000000011100000000
00000110000010011100000010000001100000010000000000000000100000000010000100000000011100000000
