00011000100010000010000001000000110000000100000000110000000100000000000000010111000000000000
01011000100010000010000001000000010000000100000001100000000100000110000000010110000000000000
00011100100010000010000001000000010000000100000000100000000100001100000000010101100000000000
00011000100011000010000001000000010000000100000000100000000100010100000000010011000000001000
00011000100010000010000001100000010000000100000000100000000100100100000000000111000000010000
00011000100010000010000001000000010000000100000000100000000000000100000000011111000000100000
00011000100010000010000001000000010000000000000000100000001110000100000000110111000000000000
00011000100010000010000000000000010000000110000000100000001100000100000001010111000000000000
00011000100000000010000001100000010000001100000000100000000100000100000010010111000000000000
00010000100011000010000011000000010000000100000000100000000100000100000100010111000000000000
00001100100110000010000001000000010000000100000000100000000100000100001000010111000000000000
01011000001010000010000001000000010000000100000000100010000100000100000000010111000000000000
00111000110010000000000001000000010010000100000000100000000100000100000000010111000000000000
00011001100010000011100001000000000000000100000000100000000100000100000000010111000000000000
00011000110010000110000001000000011000000100000000000000000100000100000000010111000000000000
01011110100010011010000011000000110000010100000000110000100100000110000100010111001100000000
00011110100010011010000011000000110000010100000001100000100100000111000100010110110100000000
00011110100011011010000011000000110000010100000000100000100100001110100100010101111000000100
00011110100010011010000011100000110000010100000000100000100100010110010000010011011100001010
00011110100010011010000011000000110000010110000000100000000100100110001100000111011110010000
00011110100010011010000011000000110000000100000000100001100010000110000110011111011100100000
00011110100010011010000001000000110000110000000000100000110110000110000100111111011100000000
00011110100010011010000110000000110000011110000000100000101100100110000100010111011100000000
00011010100110011010000011100000110000011100000000100000100100010110000100010111011100000000
00011110100011001010000011000000110000010100000000100000100100001110000100010111011100000000
01001100100110111010000011000000110000010100000001100000100100000110000100010111011100000000
01111110001010010010000011000100110000010100000000100000100100000110000100010111011100000000
00111111110010011100000011000010010000010100000000100000100100000110000100010111011100000000
00011111100010011111000011000001100000010100000000100000100100000110000100010111011100000000
00011110100010011110000011000000111000010100000001100000100100000100000100010111011100000000
00000110010010011000000010000000110000010000000001100000100000000000000100000000011100000000
00000110000010011000100010000000100000010000000000110000100000000110000100000000001100000000
00000110000010011000000010000000100100010000000000100000100000000011000100000000110100000000
00000110000010011000000010000000100000010000000000101000100000000010100100000000011000000100
00000110000010011000000010000000100000010000000000100000100000000011010000000000011100000010
00000110000010011000000010000000100000010000000000100000000000000010001100000000011110000000
00000110000010011000000010000000100000000000000000100001100000000110000110000000011100000000
00000110000010011000000000000000100000110000000000100000110000001010000100000000011100000000
00000110000000011000000110000000100000011000000010100000100000000010000100000000011100000000
00000010000110011000000011000000100000010000010000100000100000000010000100000000011100000000
00001110000011001000000010000000100000010000100000100000100000000010000100000000011100000000
01000100000010111000000010000100100000010000000000100000100000000010000100000000011100000000
00100110000010010000000010000100100000010000000000100000100000000010000100000000011100000000
01000111000010011000000010000010000000010000000000100000100000000010000100000000011100000000
00000110000010011100000010000001100000010000000000000000100000000010000100000000011100000000
00000000000000000000000000000100000000000000000000000000000000000000000000000000000000000000
00000000000000000000000000000000000000000000100000000000000000000000000000000000000000000000
00000000000000000000000000000000000000000000001000000000000000000000000000000000000000000000
00000000000000000000000000000000000000000000000000000000000001000000000000000000000000000000
00000000000000000000000000000000000000000000000000000000000000000000000000001000000000000000
00000000000000000000000000000000000000000000000000000000000000000000000000010000000000000000
00000000000000000000000000000000000000000000000000000000000000000000000000100000000000000000
00000000000000000000000000000000000000000000000000000000000000000000000001000000000000000000
00000000000000000000000000000000000000000000000000000000010000000000000000000000000000000000
00000000000000000000000000000000000000010000000000000000000000000000000000000000000000000000
00000000000000000000000100000000000000000000000000000000000000000000000000000000000000000000
00000000000100000000000000000000000000000000000000000000000000000000000000000000000000000000
00001000000000000000000000000000000000000000000000000000000000000000000000000000000000000000
01000000000000000000000000000000000000000000000000000000000000000000000000000000000000000000
00001000000000000000000000000000000000000000000000000000000000000000000000000000000000000000
00000000000100000000000000000000000000000000000000000000000000000000000000000000000000000000
00000000000000000000000100000000000000000000000000000000000000000000000000000000000000000000
00000000000000000000000000000000000000100000000000000000000000000000000000000000000000000000
00000000000000000000000000000000000000000000000000000001000000000000000000000000000000000000
00000000000000000000000000000000000000000000000000000000000000000000001000000000000000000000
00000000000000000000000000000000000000000000000000000000000000000000010000000000000000000000
00000000000000000000000000000000000000000000000000000000000000000000100000000000000000000000
00000000000000000000000000000000000000000000000000000000000000000001000000000000000000000000
00000000000000000000000000000000000000000000000000010000000000000000000000000000000000000000
00000000000000000000000000000000010000000000000000000000000000000000000000000000000000000000
00000000000000000100000000000000000000000000000000000000000000000000000000000000000000000000
00000001000000000000000000000000000000000000000000000000000000000000000000000000000000000000
00100000000000000000000000000000000000000000000000000000000000000000000000000000000000000000
