00111100000000010000000000000000000000000000000000000000000000000000000000000000000000011111
00011100000000010000000000000000000000000000000000000000000000000000000000000000000000010111
00111000000000000000000000000000000000000000000000000000000000000000000000000000000000000111
00110000000000000000000000000000000000000000000000000000000000000000000000000000000000000110
00100000000000000000000000000000000000000000000000000000000000000000000000000000000000000100
00000000000000000000000000000000000000000000000000000000000000000000000000000000000000000000
00000000000000001011011011011010110110110110011011011011011011000000000000000000000000000000
00000000000000001011011011011010110110110110011010010010010010000000000000000000000000000000
00000000000000001011011011011010010010010010010010010010010010000000000000000000000000000000
00000000000000000010010010010010010010010010010010010010010010000000000000000000000000000000
00000000000000000000000000000000010010010010010010010010010010000000000000000000000000000000
00000000000000000000000000000000000000000000000010010010010010000000000000000000000000000000
00000000000000000000000000000000000000000000000000000000000000000000000000000000000000000000
00000000000000000000000000000000000000000000000000000000000000000000000000000000000000000000
00000000000000000010010010010010010010010010010010010010010010000000000000000000000000000000
00000000000000001001001001001001001001001001000001001001001001000000000000000000000000000000
00000000000000000100100100100000100100100100101100100100100100000000000000000000000000000000
00000000000000000010010010010010010010010010010010010010010010000000000000000000000000000000
00000000000000001001001001001001001001001001000001001001001001000000000000000000000000000000
00000000000000000100101000100000100101000100101100100101000100000000000000000000000000000000
00000000000000000010011000010010010011000010010010010011000010000000000000000000000000000000
00000000000000001001011000001001001011000001000001001011000001000000000000000000000000000000
00000000000000000100111000000000100111000000101100100111000000000000000000000000000000000000
00000000000000000010111000000010010111000000010010010111000000000000000000000000000000000000
00000000000000001001111000000001001111000000000001001111000000000000000000000000000000000000
00000000000000000101111000000000101111000000000000101111000000000000000000000000000000000000
00000000000000000011111000000000011111000000000000011111000000000000000000000000000000000000
00000000011000000000111000000000001111000000000000011100000000000001100000000000000000000000
00011000011100000000011000000000000000000000000000011000000000000011100000000000010000000000
01011100001110000000000000000000000000000000000000110000000000000111000000000000110000000000
01001100000011110000000000000000000000000000000001100000000000001110000000000001100000000000
00000100000001110000000000011100000000000000000011000000000000011100000000000001000000000000
00000000000000100000000000011101000000000001111111000000000000011000000000000000000000000000
00000000000000000000000000001111000000000001111110000000000001110000000000000000000000000000
00000000000000000000000000000011000000000000111110000000000000000000000000000000000000000000
00000000000000000000000000000001000000000000010010000000000000000000000000000000000000000000
00000000000000000000000000000001000000000000000000000000000000000000000000000000000000000000
01000000000000000000000000000000000000000000000000000000000000000000000000000000000000000000
00111100000000010000000000000000000000000000000000000000000000000000000000000000000000011111
00000010101010100000000000000100000000000000000000000000000000000000000000000111010101000000
00000000000000001010010101010000000000000000100000000000000000101010010101010000000000000000
00000000000000000000000000000000100101010101010101010010101010000000000000000000000000000000
00000000000000001001010101010000000000000000100000000000000000101001010101010000000000000000
00000010101010100000000000000000000000000000000000000000000000000000000000000101010101000000
00111100000000010000000000000000000000000000000000000000000000000000000000000000000000011111
01000000000000000000000000000000000000000000000000000000000000000000000000000000000000000000
00111100000000010000000000000000000000000000000000000000000000000000000000000000000000011111
00000011111111100000000000000100000000000000000000000000000000000000000000000111111111100000
00000000000000001111111111111010000000000000100000000000000000111111111111111000000000000000
00000000000000000000000000000001111111111111011111111111111111000000000000000000000000000000
00000000000000000000000000000000000000000000000000000000000000000000000000000000000000000000
00000000000000000000000000000001111111111111011111111111111111000000000000000000000000000000
00000000000000001111111111111010000000000000100000000000000000111111111111111000000000000000
00000011111111100000000000000100000000000000000000000000000000000000000000000111111111100000
00111100000000010000000000000000000000000000000000000000000000000000000000000000000000011111
01000000000000000000000000000000000000000000000000000000000000000000000000000000000000000000
01111100000000010000000000000000000000000000000000000000000000000000000000000000000000000000
01111111111111110000000000000100000000000000000000000000000000000000000000000000000000000000
01111111111111111111111111111110000000000000100000000000000000000000000000000000000000000000
01111111111111111111111111111110110000011000100000000000000000000000000000000000000000000000
01111111111111111111111111111110110000011000100000100000010000000110000011000000000000000000
01111111111111111111111111111110110000011000100000100000010000111111111111111000000000000000
01111111111111111111111111111110110000011000100000100000010000111111111111111111111111100000
01111111111111111111111111111111111111111111111111111111111111111111111111111111111111111111
00000000000000000000000000000000000000000000000000000000000000000000000000000000000000000000
01111111111111111111111111111111111111111111111111111111111111111111111111111111111111111111
01100101000001000100000000100000100000000010100001000000000010111000000000001000000000000000
01001000000100010000000100100100000000010000101000000000010001000000000001111000000000000000
01010100010001000000100100100000000010000100000000000010001000000000001111000000000000000000
01101001000100000100100100000000010000100000000000010001000000000001111000000000000000000000
01010000010000010100100000000100000100000000110010001000000000001111000000000000000000000000
01100101000001000100000000100000100000000010100001000000000010111000000000001000000000000000
01001000000100010000000100100100000000010000101000000000010001000000000001111000000000000000
01010100010001000000100100100000000010000100000000000010001000000000001111000000000000000000
01101001000100000100100100000000010000100000000000010001000000000001111000000000000000000000
01010000010000010100100000000100000100000000110010001000000000001111000000000000000000000000
01100101000001000100000000100000100000000010100001000000000010111000000000001000000000000000
01001000000100010000000100100100000000010000101000000000010001000000000001111000000000000000
01010100010001000000100100100000000010000100000000000010001000000000001111000000000000000000
01101001000100000100100100000000010000100000000000010001000000000001111000000000000000000000
01010000010000010100100000000100000100000000110010001000000000001111000000000000000000000000
