00000000000000000000000000000000000110000000000000000100000000000000000000000000000000000000
00000000000000000000000000000000001001000000000000001010000000000000000000000000000000000000
00000000000000000000000000000000010000100000000000010001000000000000000000000000000000000000
00000000000000000000000000000000100000010000000000100000100000000000000000000000000000000000
00000000000000000000000000000001000000001000000001000000010000000000000000000000000000000000
00000000000000000000000000000000000000000100010010000000001000000000000000000000000000000000
00000000000000000000000000000000000000000010001100000000000100000000000000000000000000000000
00000000000000000000000000000000000000000001000000000000000011000000000000000000000000000000
00000000000000000000000000000000000000000010001000000000000011000000000000000000000000000000
00000000000000000000000000000000000000000100010100000000000100000000000000000000000000000000
00000000000000000000000000000001000000001000000010000000001000000000000000000000000000000000
00000000000000000000000000000000100000010000000001000000010000000000000000000000000000000000
00000000000000000000000000000000010000100000000000100000100000000000000000000000000000000000
00000000000000000000000000000000001001000000000000010001000000000000000000000000000000000000
00000000000000000000000000000000000110000000000000001010000000000000000000000000000000000000
00000000000000000001010000000000001001000000000000000000000000000000000000000000000000000000
00000000000000000010001000000000010000100000000000000000000000000000000000000000000000000000
00000000000000000100000100000000100000010000000000000000000000000000000000000000000000000000
00000000000000001000000010000001000000001000000000000000000000000000000000000000000000000000
00000000000000000000000001000010000000000100010000000000000000000000000000000000000000000000
00000000000000000000000000100000000000000010101000000000000000000000000000000000000000000000
00000000000000000000000000011000000000000001000000000000000000000000000000000000000000000000
00000000000000000000000000011000000000000010001000000000000000000000000000000000000000000000
00000000000000000000000000100000000000000100110000000000000000000000000000000000000000000000
00000000000000000000000001000011000000001000000000000000000000000000000000000000000000000000
00000000000000001000000010000000100000010000000000000000000000001000000000000000000000000000
00000000000000000100000100000000010000100000000000000000000000000000000000000000000000000000
00000000000000000010001000000000001001000000000000000000000000000000000000000000000000000000
00000000000000000001010000000000000110000000000000000000000000000000000000000000000000000000
00000000000000000000100000000000000110000000000000000100000000000000000000000000000000000000
00000000010000000000100000000000001111000000000000000100000000000000000000000000001000000000
00010000010000000000100000000000011111100000000000000100000000000000000000000000001000000000
01010000010000000000100000000000111111110000000000000100000000000000000000000000001000010000
01010000010000100000100000000001111111111000000000000100000000000000000000000100001000010000
01010000010000100000100000000001111111111100010000000100000000000000000000001100001000010000
01010000010000100000100000000001111111111111011000000100000000000000000000001100001000010000
01010000010000100000100000000001111111111110011000000100000000000000000000001100001000010000
01010000010000000000100000000001111111111100010000000100000000000000000000000100001000010000
00010000010000000000100000000001111111111000000000000100000000000000000000000000001000010000
00010000010000000000100000000000111111110000000000000100000000000000000000000000001000010000
00010000010000000000100000000000011111100000000000000100000000000000000000000000001000000000
00000000010000000000100000000000001111000000000000000100000000000000000000000000001000000000
00000000000000000000100000000000000110000000000000000100000000000000000000000000000000000000
00000000000000000000000000000000000110000000000000000000000000000000000000000000000000000000
00000000000000000000000000000000001001000000000000000000000000000000000000000000000000000000
00000000000000000000000000000000010000100000000000000000000000000000000000000000000000000000
00000000000000000000000000000000100000010000000000000000000000000000000000000000000000000000
00000000000000000000000000000001000000001000000000000000000000000000000000000000000000000000
00000000000000000000000000000000000000000100010000000000000000000000000000000000000000000000
00000000000000000000000000000000000000000010001000000000000000000000000000000000000000000000
00000000000000000000000000000000000000000010001000000000000000000000000000000000000000000000
00000000000000000000000000000000000000000001000000000000000000000000000000000000000000000000
00000000000000000000000000000000000000000010001000000000000000000000000000000000000000000000
00000000000000000000000000000000000000000100010000000000000000000000000000000000000000000000
00000000000000000000000000000001000000001000000000000000000000000000000000000000000000000000
00000000000000000000000000000000100000010000000000000000000000000000000000000000000000000000
00000000000000000000000000000000010000100000000000000000000000000000000000000000000000000000
00000000000000000000000000000000001001000000000000000000000000000000000000000000000000000000
