00000000000000000000000000000000000110000000000000000100000000000000000000000000000000000000
00000000000000000000000000000000001001000000000000001010000000000000000000000000000000000000
00000000000000000000000000000000010000100000000000010001000000000000000000000000000000000000
00000000000000000000000000000000100000010000000000100000100000000000000000000000000000000000
00000000000000000000000000000001000000001000000001000000010000000000000000000000000000000000
00000000000000000000000000000000000000000100010010000000001000000000000000000000000000000000
00000000000000000000000000000000000000000010001100000000000100000000000000000000000000000000
00000000000000000000000000000000000000000001000000000000000011000000000000000000000000000000
00000000000000000000000000000000000000000010001000000000000011000000000000000000000000000000
00000000000000000000000000000000000000000100010100000000000100000000000000000000000000000000
00000000000000000000000000000001000000001000000010000000001000000000000000000000000000000000
00000000000000000000000000000000100000010000000001000000010000000000000000000000000000000000
00000000000000000000000000000000010000100000000000100000100000000000000000000000000000000000
00000000000000000000000000000000001001000000000000010001000000000000000000000000000000000000
00000000000000000000000000000000000110000000000000001010000000000000000000000000000000000000
00000000000000000001010000000000001001000000000000000000000000000000000000000000000000000000
00000000000000000010001000000000010000100000000000000000000000000000000000000000000000000000
00000000000000000100000100000000100000010000000000000000000000000000000000000000000000000000
00000000000000001000000010000001000000001000000000000000000000000000000000000000000000000000
00000000000000000000000001000010000000000100010000000000000000000000000000000000000000000000
00000000000000000000000000100000000000000010101000000000000000000000000000000000000000000000
00000000000000000000000000011000000000000001000000000000000000000000000000000000000000000000
00000000000000000000000000011000000000000010001000000000000000000000000000000000000000000000
00000000000000000000000000100000000000000100110000000000000000000000000000000000000000000000
00000000000000000000000001000011000000001000000000000000000000000000000000000000000000000000
00000000000000001000000010000000100000010000000000000000000000000000000000000000000000000000
00000000000000000100000100000000010000100000000000000000000000000000000000000000000000000000
00000000000000000010001000000000001001000000000000000000000000000000000000000000000000000000
00000000000000000001010000000000000110000000000000000000000000000000000000000000000000000000
00000000000000000000100000000000000110000000000000000100000000000000000000000000000000000000
00000000010000000001110000000000001111000000000000001110000000000000000000000000001000000000
00010001010100000001110000000000011111100000000000001110000000000001001000000000001000000000
01010011010110000001110000000000111111110000000000001110000000000001001000000000101010010000
01010011010111100001110000000101111111111000000000001110000000000001001000000110101010110000
01010011010111100001110000000101111111111101010000001110000000100001001000011110101010110000
01010011010111100001110000011101111111111101010000001110000011100001001000011110101010110000
01010011010111100001110000011101111111111110011000001110000011100001001000011110101010110000
01010011010111100001110000000101111111111100010000001110000000100001001000011110101010110000
01010011010110000001110000000001111111111000000000001110000000000001001000000110101010110000
00010001010100000001110000000000111111110000000000001110000000000001001000000000101010010000
00000000010000000001110000000000011111100000000000001110000000000001001000000000001000000000
00000000000000000001110000000000001111000000000000001110000000000000000000000000000000000000
00000000000000000000100000000000000110000000000000000100000000000000000000000000000000000000
00000000000000000000000000000000000110000000000000000000000000000000000000000000000000000000
00000000000000000000000000000000001001000000000000000000000000000000000000000000000000000000
00000000000000000000000000000000010000100000000000000000000000000000000000000000000000000000
00000000000000000000000000000000100000010000000000000000000000000000000000000000000000000000
00000000000000000000000000000001000000001000000000000000000000000000000000000000000000000000
00000000000000000000000000000000000000000100010000000000000000000000000000000000000000000000
00000000000000000000000000000000000000000010001000000000000000000000000000000000000000000000
00000000000000000000000000000000000000000010001000000000000000000000000000000000000000000000
00000000000000000000000000000000000000000001000000000000000000000000000000000000000000000000
00000000000000000000000000000000000000000010001000000000000000000000000000000000000000000000
00000000000000000000000000000000000000000100010000000000000000000000000000000000000000000000
00000000000000000000000000000001000000001000000000000000000000000000000000000000000000000000
00000000000000000000000000000000100000010000000000000000000000000000000000000000000000000000
00000000000000000000000000000000010000100000000000000000000000000000000000000000000000000000
00000000000000000000000000000000001001000000000000000000000000000000000000000000000000000000
