00000000000000000000000000000000001000000000000000000000000000000000000000000000000000000000
00000000000000000011000000000000011100000000000000011000000000000000000000000000000000000000
00000001110000000111100000000000110110000000000000111100000000000011100000000000000000000000
00110011111000001100110000000001100011000000000001100110000000000111110000000000111000000000
01111010001100011000011000000111000001100000010011000011000000001100011000000001101100001110
01001100000110110000001110001110000000110000111110000001100000011000001100000011000110011011
00000100000011100000000011011000000000011001001100000000110001110000000110000110000011110001
00000000000001000000000001110000000000001111000000000000011011100000000011111100000001100000
00000000000000000000000000000000000000000000000000000000000100000000000000000000000000000000
00000000000000000000000000100000000000000110000000000000001110000000000001111000000000000000
00000000000001000000000001110000000000001111000000000000011011100000000011111100000001100000
00000100000011100000000011011000000000011001001100000000110001110000000110000110000011110001
01001100000110110000000110001100000000110000111110000001100000011000001100000011000110011011
01111010001100010000001100000111000001100000110011000011000000001100011000000001101100001110
00110011111000001000011000000011100011000000000001100110000000000110110000000000111000000100
00000001110000001111110000000001110110000000000000111100000000000011100000000000000000000000
00000000000000000111100000000000011100000000000000011000000000000001000000000000000000000000
00000000000000000000000000000000001000000000000000000000000000000000000000000000000000000000
00000000000000000000000000000000001000000000000000000000000100000000000000000000000000000000
00000000000000000000000000000000000000000000000000000000000000000000000000000000000000000000
00000000000000000000000000000000001000000000000000000000000100000000000000000000000000000000
00000000000000000000000000000000000000000000000000000000000000000000000000000000000000000000
00000000000000000000000000000000001000000000000000000000000100000000000000000000000000000000
00000000000000000000000000000000000000000000000000000000000000000000000000000000000000000000
00000000000000000000000000000000001000000000000000000000000100000000000000000000000000000000
00000000000000000000000000000000000000000000000000000000000000000000000000000000000000000000
00000000000000000000000000000000000000000000000000000000000000000000000000000000000000000000
