00000000000000000000000000000000000000100000000000000000000000000000000000000000000000000000
00000000000000000000000000000000000000010000000000000000000000000000000000000000000000000000
00000000000000000000000000000000000000001000000000000000000000000000000000000000000000000000
00000000000000000000000000000000000000000100000000000000000000000000000000000000000000000000
00000000000000000000000000000000000000000010000000000000000000000000000000000000000000000000
00000000000000000000000000000000000000000001000000000000000000000000000000000000000000000000
00000000000000000000000000000000000000000000001000000000000000000000000000000000000000000000
00000000000000000000000000000000000000000000010000000000000000000000000000000000000000000000
00000000000000000000000000000001000000000000000000000000000000000000000000000000000000000000
00000000000000000000000000000000100000000000000000000000000000000000000000000000000000000000
00000000000000000000000000000000010000000000000000000000000000000000000000000000000000000000
00000000000000000000000000000000001000000000000000000000000000000000000000000000000000000000
00000000000000000000000000000000000100000000000000000000000000000000000000000000000000000000
00000000000000000000000000000000000010000000000000000000000000000000000000000000000000000000
00000000000000000000000000000000000001000000000000000000000000000000000000000000000000000000
00000000000000000000000000000000000000100000000000000001000000000000000000000000000000000000
00000000000000000000000000000000000000010000000000000000100000000000000000000000000000000000
00000000000000000000000000000000000000001000000000000000010000000000000000000000000000000000
00000000000000000000000000000000000000000100000000000000001000000000000000000000000000000000
00000000000000000000000000000000000000000010000000000000000100000000000000000000000000000000
00000000000000000000000000000000000000000001000000000000000010000000000000000000000000000000
00000000000000000000000000000000000000000000001000000000000001000000000000000000000000000000
00000000000000000000000000000000000000000000010100000000000000000000000000000000000000000000
00000000000000000000000000000001000000000000000010000000000000000000000000000000000000000000
00000000000000000000000000000000100000000000000001000000000000000000000000000000000000000000
00000000000000000000000000000000010000000000000000100000000000000000000000000000000000000000
00000000000000000000000000000000001000000000000000010000000000000000000000000000000000000000
00000000000000000000000000000000000100000000000000001000000000000000000000000000000000000000
00000000000000000000000000000000000010000000000000000100000000000000000000000000000000000000
00000000000000000000000000000000000001000000000000000010000000000000000000000000000000000000
00000000000000000000001000000000000000100000000000000001000000000000000000000000000000000000
00000000000000000000000100000000000000010000000000000000100000000000000000000000000000000000
00000000000000000000000010000000000000001000000000000000010000000000000000000000000000000000
00000000000000000000000001000000000000000100000000000000001000000000000000000000000000000000
00000000000000000000000000100000000000000010000000000000000100000000000000000000000000000000
00000000000000000000000000010000000000000001000000000000000010000000000000000000000000000000
00000000000000000000000000001000000000000000001000000000000001000000000000000000000000000000
00000000000000000000000000000000000000000000110100000000000000000000000000000000000000000000
00000000000000000000000000000011000000000000000010000000000000000000000000000000000000000000
00000000000000001000000000000000100000000000000001000000000000000000000000000000000000000000
00000000000000000100000000000000010000000000000000100000000000000000000000000000000000000000
00000000000000000010000000000000001000000000000000010000000000000000000000000000000000000000
00000000000000000001000000000000000100000000000000001000000000000000000000000000000000000000
00000000000000000000100000000000000010000000000000000100000000000000000000000000000000000000
00000000000000000000010000000000000001000000000000000010000000000000000000000000000000000000
00000000001000000000001000000000000000100000000000000001000000000000001000000000000000000000
00000000001000000000000100000000000000010000000000000000100000000000000100000000000000000000
00000000000100000000000010000000000000001000000000000000010000000000000010000000000000000000
00000000000010000000000001000000000000000100000000000000001000000000000001000000000000000000
00000000000010000000000000100000000000000010000000000000000100000000000000100000000000000000
00000000000001000000000000010000000000000001000000000000000010000000000000010000000000000000
00000000000000100000000000001000000000000000001000000000000001000000000000001000000000000000
00000000000000100000000000000000000000000000110100000000000000100000000000000000000000000000
00000000000000000000000000000111000000000000000010000000000000010000000000000000000000000000
00000010000000001000000000000000100000000000000001000000000000001000000000000000000000000000
00000010000000000100000000000000010000000000000000100000000000000100000000000000000000000000
00000001000000000010000000000000001000000000000000010000000000000010000000000000000000000000
00000000100000000001000000000000000100000000000000001000000000000001000000000000000000000000
00000000100000000000100000000000000010000000000000000100000000000000100000000000000000000000
00000000010000000000010000000000000001000000000000000010000000000000010000000000000000000000
00000000001000000000001000000000000000100000000000000001000000000000001000000000000000000000
00001000001000000000000100000000000000010000000000000000100000000000000100000000000010000000
00001000000100000000000010000000000000001000000000000000010000000000000010000000000001000000
00000100000000000000000001000000000000000100000000000000001000000000000001100000000000000001
00000100000010000000000000100000000000000010000000000000000100000000000000110000000000100000
00000100000001000000000000010000000000000001000000000000000010000000000000011100000000000000
00000000000000110000000000001000000000000000001000000000000001100000000000001000000000010000
00000000000000100000000000000100000000000000110100000000000000110000000000000010000000000000
00000000000000010000000000000111000000000000000010000000000000010000000000000001000000000000
00100010000000011000000000000000100000000000000001000000000000001100000000000000000000001000
01000011000000000100000000000000010000000000000000100000000000000110000000000000100000000000
00000011000000000010000000000000001000000000000000010000000000000011000000000000000000000100
01000001100000000001000000000000000100000000000000001000000000000001100000000000000000000100
01000000100000000000100000000000000010000000000000000100000000000000100000000000001000000000
01010000010000000000010000000000000001000000000000000010000000000000011000000000000000000010
01001000001000000000001000000000000000100000000000000001000000000000001100000000000000000010
00011000001000000000000100000000000000010000000000000000100000000000000110000000000010000000
01001000000100000000000010000000000000001000000000000000010000000000000010000000000010000001
00000100000010000000000001000000000000000100000000000000001000000000000001000000000001000000
00000100000011000000000000100000000000000010000000000000000100000000000000100000000000100001
00000100000001000000000000010000000000000001000000000000000010000000000000010000000000010000
00000000000000000000000000000000000000000000001000000000000000000000000000000000000000000000
00000000000000000000000000000000000000000000010000000000000000000000000000000000000000000000
00000000000000000000000000000001000000000000000000000000000000000000000000000000000000000000
00000000000000000000000000000000100000000000000000000000000000000000000000000000000000000000
00000000000000000000000000000000010000000000000000000000000000000000000000000000000000000000
00000000000000000000000000000000001000000000000000000000000000000000000000000000000000000000
00000000000000000000000000000000000100000000000000000000000000000000000000000000000000000000
00000000000000000000000000000000000010000000000000000000000000000000000000000000000000000000
00000000000000000000000000000000000001000000000000000000000000000000000000000000000000000000
00000000000000000000000000000000000000100000000000000000000000000000000000000000000000000000
00000000000000000000000000000000000000010000000000000000000000000000000000000000000000000000
00000000000000000000000000000000000000001000000000000000000000000000000000000000000000000000
00000000000000000000000000000000000000000100000000000000000000000000000000000000000000000000
00000000000000000000000000000000000000000010000000000000000000000000000000000000000000000000
00000000000000000000000000000000000000000001000000000000000000000000000000000000000000000000
00000000000000100000000000001000000000000001001000000000000001000000000000001000000000000000
00000000000000100000000000000000000000000000111100000000000000100000000000000000000000000000
00000000000000000000000000000111000000000000010010000000000000010000000000000000000000000000
00000010000000001000000000000001100000000000000001000000000000001000000000000000000000000000
