00000000000000000000000000000000000000000000000110110110110110000000000000000000000000000000
00000000000000000000000000000000000000000000000110110110110110000000000000000000000000000000
00000000000000000000000000000000010010010010010110110110110110000000000000000000000000000000
00000000000000000000000000000000000000000000000110000110110110000000000000000000000000000000
00000000000000000110110110110011101101101101101110110110110110000000000000000000000000000000
00000000000000000000000000000000000000000000000110110110110110000000000000000000000000000000
00000000000000000000000000000000010010010010010000000000000000000000000000000000000000000000
00000000000000000000000000000000000000000000000110110110110110000000000000000000000000000000
00000000000000000000000000000001111111111111011000000000000000000000000000000000000000000000
00000000000000000000000000000001111111111111011000000000000000000000000000000000000000000000
00000000000000001111111111111010000000000000100000000000000000000000000000000000000000000000
00000011111111100000000000000100000000000000000000000000000000000000000000000000000000000000
00111111111111110000000000000100000000000000000000000000000000000000000000000000000000000000
01000000000000000000000000000000000000000000000000000000000000000000000000000000000000000000
01000000000000000000000000000000000000000000000000000000000000000000000000000000000000000000
00000000000000000000000000000001111111111111011000000000000000000000000000000000000000000000
01000000000000000000000000000000000000000000000000000000000000000000000000000000000000000000
00000000000000000000000000000001111111111111011000000000000000000000000000000000000000000000
01000000000000000000000000000000000000000000000000000000000000000000000000000000000000000000
01111100100000010000000000000000000000000000000000000000000000000000000000000000000000000000
01111111111111110000000000000100000000000000000000000000000000000000000000000000000000000000
01111111111111111111111111111110000000000000100000000000000000000000000000000000000000000000
01111111111111111111111111111111111111111111111000000000000000000000000000000000000000000000
00111111111111111111111111111111111111111111111111111111111111111111111111111000000000000000
00111111111111111111111111111111111111111111111111111111111111111111111111111000000000000000
00111111111111111111111111111111111111111111111111111111111111111111111111111000000000000000
00111111111111111111111111111111111111111111111111111111111111111111111111111000000000000000
00111111111111111111111111111111111111111111111111111111111111111111111111111000000000000000
00111111111111111111111111111111111111111111111111111111111111111111111111111000000000000000
01000000000000000000000000000000000000000000000000000000000000000000000000000000000000000000
01000000000000000000000000000000000000000000000000000000000000000000000000000000000000000000
01000000000000000000000000000000000000000000000000000000000000000000000000000000000000000000
00111111111111111111111111111111111111111111111111111111111111111111111111111000000000000000
01111111111111111111111111111111111111111111111111111111111111111111111111111000000000000000
01111111111111111111111111111111111111111111111111111111111111111111111111111000000000000000
01000010101010100000000000000000000000000000000000000000000000000000000000000000000000000000
00111101010101010100100100100100000000000000100100100100100100000000000000000000000000000000
01111111111111111111111111111111111111111111111111111111111111111111111111111000000000000000
01000010101010100000000000000001001001001001000000000000000000001001001001001000000000000000
00111101010101010100100100100100000000000000100100100100100100000000000000000000000000000000
01111111111111111111111111111111111111111111111111111111111111111111111111111000000000000000
00111101010101010100100100100100000000000000100100100100100100000000000000000000000000000000
01111111111111111111111111111111111111111111111111111111111111111111111111111000000000000000
00111101010101010100100100100100000000000000100100100100100100000000000000000000000000000000
01000010101010100000000000000001001001001001000000000000000000001001001001001000000000000000
01111111111111111111111111111111111111111111111111111111111111111111111111111000000000000000
00111101010101010100100100100100000000000000100100100100100100000000000000000000000000000000
00111101010101010100100100100100000000000000100100100100100100000000000000000000000000000000
01111111111111111111111111111111111111111111111111111111111111111111111111111000000000000000
01111111111111111111111111111111111111111111111111111111111111111111111111111000000000000000
01111111111111111111111111111111111111111111111111111111111111111111111111111000000000000000
01111111111111111111111111111111111111111111111111111111111111111111111111111000000000000000
