00000000000000000000000000000000001000000000000000001000000000000000100000000000001000000010
00000000000000000010000000000000001000000000000000001000000000000000100000000000001000000000
00000001000000000010000000000000001000000000000000001000000000000000100000000000000000000000
00000011000000000010000000000000001000000000000000001000000000000000000000000000000000000000
00000011000000000010000000000100001000000000000000000000000000000000000000000000000000000000
00000011000000000010000000001100000000000000000000000000000000000000000000000000000000000000
00000011000000000000000000001100000000000001000000000000000000000000000000000000000000000000
00000010000000000000000000001100000000000001000000000000000010000000000000000000000000000000
00000000000000000000000000001100000000000001000000000000000010000000000000010000000000000000
00000000000000000000000000001000000000000001000000000000000010000000000000010000000000100000
00000000000000000000000000000000000000000001000000000000000010000000000000010000000000100001
00000000000000000000000000000000000000000000000000000000000010000000000000010000000000100011
00000000000000000000000000000000000000000000000000000000000000000000000000010000001000100011
00000000000000000000000000000000000000000000000000000000000000000000100000000000001000100011
00000000000000000000000000000000000000000000000000001000000000000000100000000000001000000010
00000000000000000000000000000000000100000000000000001000000000000000100000000000001000000010
00000000000000000000100000000000000100000000000000001000000000000000100000000000001000000000
00000000010000000000100000000000000100000000000000001000000000000000100000000000000000000000
00010000010000000000100000000000000100000000000000001000000000000000000000000000000000000000
00110000010000000000100000000000000100000000000000000000000000000000000000000000000000000000
00110010010000000001000000000000000000000000000000000000000000000000000000000000000000000000
00110010010000000000000000000010000000000000000000000000000000000000000000000000000000000000
00110010000000000000000000000010000000000000010000000000000000000000000000000000000000000000
00100010000000000000000000000010000000000000010100000000000000000000000000000000000000000000
00000010000000000000000000000010000000000000010100000000000000100000000000000000000000000000
00000000000000000000000000000010000000000000010100000000000000100000000000000100000000000000
00000000000000000000000000000000000000000000010100000000000000100000000000000100000000100000
00000000000000000000000000000000000000000000000100000000000000100000000000000100000001100000
00000000000000000000000000000000000000000000000000000000000000000000000010000100000001100000
00000000000000000000000000000000000000000000000000000000100000000000000010000000000001100000
00000000000000000000000000000000000000100000000000000000100000000000000010000000000001100000
00000000000000000000001000000000000000100000000000000000100000000000000010000000000001000000
00000000001000000000001000000000000000100000000000000000100000000000000000000000000000000000
00010000001000000000001000000000000000100000000000000000100000000000000000000000000000000000
00110000001000000000001000000000000000100000000000000000000000000000000000000000000000000000
00110010001000000000001000000000000000000000000000000000000000000000000000000000000000000000
00110010001000000000000000000010000000000000000000000000000000000000000000000000000000000000
00110010000000000000000000000010000000000000010000000000000000000000000000000000000000000000
00100010000000000000000000000010000000000000010100000000000000000000000000000000000000000000
00000010000000000000000000000010000000000000010100000000000000100000000000000000000000000000
00000000000000000000000000000010000000000000010100000000000000100000000000000100000000000000
00000000000000000000000000000000000000000000010100000000000000100000000000000100000000100000
00000000000000000000000000000000000000000000000100000000000000100000000000000100000001100000
00000000000000000000000000000000000000000000000000000000000000100000000010000100000001100000
00000000000000000000000000000000000000000000000000000000100000000000000010000100000001100000
00000000000000000000000000000000000000100000000000000000100000000000000010000000000001100000
00000000000000000000001000000000000000100000000000000000100000000000000010000000000001000000
00000000001000000000001000000000000000100000000000000000100000000000000010000000000000000000
00010000001000000000001000000000000000100000000000000000100000000000000000000000000000000000
00110000001000000000001000000000000000100000000000000000000000000000000000000000000000000000
00110010001000000000001000000000000000000000000000000000000000000000000000000000000000000000
00110010001000000000000000000010000000000000000000000000000000000000000000000000000000000000
00110010000000000000000000000010000000000000010000000000000000000000000000000000000000000000
00100010000000000000000000000010000000000000010100000000000000000000000000000000000000000000
00000010000000000000000000000010000000000000010100000000000000100000000000000000000000000000
00000000000000000000000000000010000000000000010100000000000000100000000000000100000000000000
00000000000000000000000000000000000000000000010100000000000000100000000000000100000000100000
00000000000000000000000000000000000000000000000100000000000000100000000000000100000001100000
00000000000000000000000000000000000000000000000000000000000000100000000010000100000001100000
00000000000000000000000000000000000000000000000000000000100000000000000010000100000001100000
00000000000000000000000000000000000000100000000000000000100000000000000010000000000001100000
00000000000000000000001000000000000000100000000000000000100000000000000010000000000001000000
00000000001000000000001000000000000000100000000000000000100000000000000010000000000000000000
00010000001000000000001000000000000000100000000000000000100000000000000000000000000000000000
00110000001000000000001000000000000000100000000000000000000000000000000000000000000000000000
00110010001000000000001000000000000000000000000000000000000000000000000000000000000000000000
00110010001000000000000000000010000000000000000000000000000000000000000000000000000000000000
00110010000000000000000000000010000000000000010000000000000000000000000000000000000000000000
00100010000000000000000000000010000000000000010100000000000000000000000000000000000000000000
00000010000000000000000000000010000000000000010100000000000000100000000000000000000000000000
00000000000000000000000000000010000000000000010100000000000000100000000000000100000000000000
00000000000000000000000000000000000000000000010100000000000000100000000000000100000000100000
00000000000000000000000000000000000000000000000100000000000000100000000000000100000001100000
00000000000000000000000000000000000000000000000000000000000000100000000000000100000011100000
00000000000000000000000000000000000000000000000000000000000000000000000000000100000111100000
00000000000000000000000000000000000000000000000000000000000000000000010000000000000111100000
00000000000000000000000000000000000000000000000000000100000000000000010000000000000111000000
00000000000000000000000000000000000100000000000000000100000000000000010000000000000110000000
00000000000000000001000000000000000100000000000000000100000000000000010000000000000100000000
00000000000000000011000000000000000100000000000000000100000000000000010000000000000000000000
00000000000000000111000000000000000100000000000000000100000000000000000000000000000000000000
00000000000000001111000000000000000100000000000000000000000000000000000000000000000000000000
00000000000000001111000000000010000000000000000000000000000000000000000000000000000000000000
00000000000000001110000000000010000000000000100000000000000000000000000000000000000000000000
00000000000000001100000000001010000000000000100000000000000000000000000000000000000000000000
00000000000000001000000000011010000000000000100000000000000000000000000000000000000000000000
00000000000000000000000000111010000000000000100000000000000000000000000000000000000000000000
00000000000000000000000001111000000000000000100000000000000000000000000000000000000000000000
00000000000000000000000011111000000000000000000000000000000000000000000000000000000000000000
00000000000000000000000111110000000000000000000000000000000000000000000000000000000000000000
00000000000000000000001111100000000000000000000000000000000000000000000000000000000000000000
00000000000000000000011111000000000000000000000000000000000000000000000000000000000000000000
00000000000000000000011110000000000001000000000000000000000000000000000000000000000000000000
00000000000000000000011100000000000001000000000000000001000000000000000000000000000000000000
00000000000000000000011000000000000001000000000000000001000000000000000100000000000000000000
00000000000000000000010000000000000001000000000000000001000000000000000100000000000010000000
00000000000000000000000000000000000001000000000000000001000000000000000100000000000010000001
00000000000000000000000000000000000000000000000000000001000000000000000100000000000010010001
