00000000010000000000000000000000000000000000000000000000000000000000000000000000000000000000
00000000110000000000000000000000000000000000000000000000000000000000000000000000000000000000
00000000110000000010000000000000000000000000000000000000000000000000000000000000000000000000
00000000110000000010000000000000010000000000000000000000000000000000000000000000000000000000
00000000110000000010000000000000010000000000000000010000000000000000000000000000000000000000
00000000110000000010000000000000010000000000000000010000000000000001000000000000000000000000
00000000110000000010000000000000010000000000000000010000000000000001100000000000000000000000
00000000110000000010000000000000010000000000000000010000000000000001110000000000000000000000
00000000110000000010000000000000010000000000000000010010000000000001110000000000000000000000
00000000110000000010000000000000010010000000000000010010000000000001110000000000000000000000
00000000110000000010000000000000010110000000000000010010000000000001110000000000000000000000
00000000110000000010000000000000010110000000000000010010000000000001110000000000000000000000
00000000000000000000000000000000000000000000000000000000000000000000000000000000000000000000
00000000110000000010000000000000010110000000000000010010000000000001110000000000000000000000
00000000110000000010000000000000010110000000000000010010000000000001110000000000000000000000
00000000000000000000000000000000000000000000000000000000000000000000000000000000000000000000
00000000110000000010000000000000010110000000000000010010000000000001110000000000000000000000
00000000110000000010000000000000010110000000000000010010000000000001110000000000000000000000
00000000000000000000000000000000000000000000000000000000000000000000000000000000000000000000
00000000000000000000000000000000000000000000000000000000000000000100000000000000000000000000
00000000000000000000000000000000010000000000000000100000000000000100000000000000000000000000
00000000000000000010000000000000010000000000000000100000000000000100000000000000000000000000
00000000100000000010000000000000010000000000000000100000000000000100000000000000000000000000
00000000110000000010100000000000010000000000000000100000000000000100000000000000000000000000
00000000110000000010100000000000010100000000000000100000000000000100000000000000000000000000
00000000110000000010100000000000011100000000000000100000000000000100000000000000000000000000
00000000110000000010100000000000011100000000000000101000000000000100000000000000000000000000
00000000110000000010100000000000011100000000000000101000000000000100000000000000000000000000
00000000110000000010100000000000011100000000000000101000000000000100100000000000000000000000
00000000000000000000000000000000000000000000000000000000000000000000000000000000000000000000
00000000110000000010100000000000011100000000000000101000000000000100100000000000000000000000
00000000110000000010100000000000011100000000000000101000000000000100100000000000000000000000
00000000000000000000000000000000000000000000000000000000000000000000000000000000000000000000
00000000110000000010100000000000011100000000000000101000000000000100100000000000000000000000
00000000110000000010100000000000011100000000000000101000000000000100100000000000000000000000
00000000000000000000000000000000000000000000000000000000000000000000000000000000000000000000
00000000110000000010100000000000011100000000000000101000000000000100100000000000000000000000
00000000110000000010100000000000011100000000000000101000000000000100100000000000000000000000
00000000000000000000000000000000000000000000000000000000000000000001000000000000000000000000
00000000000000000000000000000000000000000000000000001000000000000001000000000000000000000000
00000000000000000000000000000000000100000000000000001000000000000001000000000000000000000000
00000000000000000000100000000000000100000000000000001000000000000001000000000000000000000000
00000000000000000000100000000000000100000000000000001000000000000001000000000000000000000000
00000000001000000000100000000000000100000000000000001000000000000001000000000000000000000000
00000000000000000000100000000000000100000000000000001000000000000001000000000000000000000000
00000000001000000000100000000000000100000000000000001000000000000001000000000000000000000000
00000000000000000000100000000000000100000000000000001000000000000001000000000000000000000000
00000000001000000000100000000000000100000000000000001000000000000001000000000000000000000000
00000000000000000000100000000000000100000000000000001000000000000001000000000000000000000000
00000000001000000000100000000000000100000000000000001000000000000001000000000000000000000000
00000000000000000000010000000000000000000000000000000000000000000000000000000000000000000000
00000000001000000000100000000000000100000000000000001000000000000001000000000000000000000000
00000000000000000000100000000000000100000000000000001000000000000001000000000000000000000000
00000000001000000000100000000000000100000000000000001000000000000001000000000000000000000000
00000000000000000000000000000000000000000000000000000000000000000000000000000000000000000000
00000000001000000000100000000000000100000000000000001000000000000001000000000000000000000000
00000000000000000000000000000000000000000000000000000000000000000001000000000000000000000000
00000000000000000000000000000000001000000000000000000000000000000001000000000000000000000000
00000000100000000000000000000000001000000000000000000000000000000001000000000000000000000000
00000000110000000000000000000000001000000000000000000000000000000001000000000000000000000000
00000000110000000000010000000000001000000000000000000000000000000001000000000000000000000000
00000000110000000000010000000000001100000000000000000000000000000001000000000000000000000000
00000000000000000000000000000000000000000000000000000000000000000000000000000000000000000000
00000000110000000000010000000000001100000000000000000000000000000001000000000000000000000000
00000000110000000000010000000000001100000000000000000000000000000001000000000000000000000000
00000000000000000000000000000000000000000000000000000000000000000000000000000000000000000000
00000000110000000000010000000000001100000000000000000000000000000001000000000000000000000000
00000000110000000000010000000000001100000000000000000000000000000001000000000000000000000000
00000000000000000000000000000000000000000000000000000000000000000000000000000000000000000000
00000000110000000000010000000000001100000000000000000000000000000001000000000000000000000000
00000000110000000000010000000000001100000000000000000000000000000001000000000000000000000000
00000000000000000000000000000000000000000000000000000000000000000000000000000000000000000000
00000000110000000000010000000000001100000000000000000000000000000001000000000000000000000000
00000000110000000000010000000000001100000000000000000000000000000001000000000000000000000000
00000000000000000000000000000000000000000000000000000000000000000000000000000000000000000000
00000000110000000000010000000000001100000000000000000000000000000001000000000000000000000000
00000000000000000000000000000000000000000000000000000000000000000000000000000000000000000000
00000000000000000000000000000000000000000000000000000000000000000000000000000000000000000000
00000000000000000000000000000000000000000000000000000000000000000000000000000000000000000000
