01111100000000010000000000000001111111111111011000000000000000000000000000000000000000011111
01111101010101010100100100100100000000000000100000000000000000000000000000000000000000000000
00000000000000000000000000000000000000000000000111111111111111001001000100001101010010111111
00000000000000000000000000000000000000000000000000000000000000000000000000000000000000000000
01111100000000010000000000000001111111111111011000000000000000000000000000000000000000011111
01111101010101010100100100100100000000000000100000000000000000000000000000000000000000000000
01111101010101010100100100100100000000000000100000000000000000000000000000000000000000000000
01000000000000000000000000000000000000000000000000000000000000000000000000000000000000000000
00111100000000010000000000000000000000000000000000000000000000000000000000000000000000011111
00000010101010100000000000000100000000000000000000000000000000000000000000000111010101000000
00000000000000001010010101010000000000000000100000000000000000101010010101010000000000000000
00000000000000000000000000000000100101010101010101010010101010000000000000000000000000000000
00000000000000001001010101010000000000000000100000000000000000101001010101010000000000000000
00000010101010100000000000000000000000000000000000000000000000000000000000000101010101000000
00111100000000010000000000000000000000000000000000000000000000000000000000000000000000011111
01000000000000000000000000000000000000000000000000000000000000000000000000000000000000000000
00111100000000010000000000000000000000000000000000000000000000000000000000000000000000011111
00000011111111100000000000000100000000000000000000000000000000000000000000000111111111100000
00000000000000001111111111111010000000000000100000000000000000111111111111111000000000000000
00000000000000000000000000000001111111111111011111111111111111000000000000000000000000000000
00000000000000000000000000000000000000000000000000000000000000000000000000000000000000000000
00000000000000000000000000000001111111111111011111111111111111000000000000000000000000000000
00000000000000001111111111111010000000000000100000000000000000111111111111111000000000000000
00000011111111100000000000000100000000000000000000000000000000000000000000000111111111100000
00111100000000010000000000000000000000000000000000000000000000000000000000000000000000011111
01000000000000000000000000000000000000000000000000000000000000000000000000000000000000000000
01111100000000010000000000000000000000000000000000000000000000000000000000000000000000000000
01111111111111110000000000000100000000000000000000000000000000000000000000000000000000000000
01111111111111111111111111111110000000000000100000000000000000000000000000000000000000000000
01111111111111111111111111111110110000011000100000000000000000000000000000000000000000000000
01111111111111111111111111111110110000011000100000100000010000000110000011000000000000000000
01111111111111111111111111111110110000011000100000100000010000111111111111111000000000000000
01111111111111111111111111111110110000011000100000100000010000111111111111111111111111100000
01111111111111111111111111111111111111111111111111111111111111111111111111111111111111111111
00000000000000000000000000000000000000000000000000000000000000000000000000000000000000000000
01111111111111111111111111111111111111111111111111111111111111111111111111111111111111111111
01100101000001000100000000100000100000000010100001000000000010111000000000001000000000000000
01001000000100010000000100100100000000010000101000000000010001000000000001111000000000000000
01010100010001000000100100100000000010000100000000000010001000000000001111000000000000000000
01101001000100000100100100000000010000100000000000010001000000000001111000000000000000000000
01010000010000010100100000000100000100000000110010001000000000001111000000000000000000000000
01100101000001000100000000100000100000000010100001000000000010111000000000001000000000000000
01001000000100010000000100100100000000010000101000000000010001000000000001111000000000000000
01010100010001000000100100100000000010000100000000000010001000000000001111000000000000000000
01101001000100000100100100000000010000100000000000010001000000000001111000000000000000000000
01010000010000010100100000000100000100000000110010001000000000001111000000000000000000000000
01100101000001000100000000100000100000000010100001000000000010111000000000001000000000000000
01001000000100010000000100100100000000010000101000000000010001000000000001111000000000000000
01010100010001000000100100100000000010000100000000000010001000000000001111000000000000000000
01101001000100000100100100000000010000100000000000010001000000000001111000000000000000000000
01010000010000010100100000000100000100000000110010001000000000001111000000000000000000000000
00000000000000000000000000000000000000000000000000000000000000000000000000000000000000000100
00000000000000000000000000000000000000000000000000000000000000000000000000000000010000000100
00000000000000000000000000000000000000000000000000000000000000000000000000000000010000000000
00000000000000000000000000000000000000000000000000000000000000000001000000000000010000000000
00000000000000000000000000000000001000000000000000000000000000000001000000000000000000000000
00000000000000000000000000000000001000000000000000011000000000000000000000000000000000000000
00000000100000000000000000000000001000000000000000000000000000000000000000000000000000000000
00000000100000000011000000000000000000000000000000000000000000000000000000000000000000000000
01000000100000000000000000000000000000000000000000000000000000000000000000000000000000000000
01110000000000000000000000000000000000000000000000000000000000000000000000000000000000000000
01111100000000010000000000000000000000000000000000000000000000000000000000000000000000000000
01000000000000000000000000000000000000000000000000000000000000000000000000000000000000000000
01111100000000010000000000000000000000000000000000000000000000000000000000000000000000000000
01111101010101010000000000000100000000000000000000000000000000000000000000000000000000000000
01111110101010110000000000000000000000000000000000000000000000000000000000000000000000000000
01111111111111110000000000000100000000000000000000000000000000000000000000000000000000000000
01111111111111111011011011011110000000000000000000000000000000000000000000000000000000000000
01111111111111110100100100100100000000000000100000000000000000000000000000000000000000000000
01111111111111111111111111111110000000000000100000000000000000000000000000000000000000000000
01111111111111110100100100100100000000000000100000000000000000000000000000000000000000000000
01111111111111111111111111111111011011011011110000000000000000000000000000000000000000000000
01111111111111111111111111111110100100100100101000000000000000000000000000000000000000000000
01111111111111111111111111111111011011011011110010010010010010000000000000000000000000000000
01111111111111111111111111111111011011011011110010010010010010000000000000000000000000000000
01111111111111110100100100100100000000000000100000000000000000000000000000000000000000000000
01111111111111111111111111111111011011011011110010010010010010000000000000000000000000000000
01111111111111111111111111111111011011011011110010010010010010000000000000000000000000000000
01000011111111101111111111111111011011011011110010010010010010000000000000000000000000011111
01000000000000001111111111111011011011011011110010010010010010000000000000000101010101011111
01000000000000001111111111111011011011011011110010010010010010000000000000000010101010111111
01000000000000000010010010010011011011011011010111111111111111000000000000000111111111111111
01000000000000000010010010010011011011011011010111111111111111011011011011011111111111111111
01000000000000000010010010010011011011011011010111111111111111111111111111111111111111111111
01000000000000000010010010010011011011011011010111111111111111111111111111111111111111111111
00000000000000000000000000000000000000000000000000000000000000000000000000000000000000000000
00000000000000000000000000000000000000000000000000000000000000000000000000000000000000000000
