00000000000000000100100100100000000000000000100000000000000000000000000000000000000000000000
00000000000000000100100100100000100100100100101000000000000000000000000000000000000000000000
00000000000000000100100100100000100100100100101001001001001001000000000000000000000000000000
00000000000000000000000000000000100100100100001001001001001001001001001001001000000000000000
00000000000000000000000000000000000000000000000001001001001001001001001001001101010101000000
00000000000000000000000000000000000000000000000000000000000000001001001001001101010101011111
00000000000000000000000000000000000000000000000000000000000000000000000000000101010101011111
00000000000000000000000000000000000000000000000000000000000000000000000000000000000000011111
00000000000000000000000000000000000000000000000000000000000000000000000000000000000000000000
00000000000000000000000000000000000000000000000000000000000000000000000000000000000000011111
00000000000000000000000000000000000000000000000000000000000000000000000000000111111111100000
00000000000000000000000000000000000000000000000000000000000000101101101101101111111111100000
00000000000000000000000000000000000000000000000011011011011011101101101101101000000000000000
00000000000000000000000000000001011011011011010011011011011011000000000000000000000000000000
00000000000000000110110110110011011011011011110000000000000000000000000000000000000000000000
00000001010101001111111111111110000000000000100000000000000000000000000000000000000000000000
00111101010101011111111111111110000000000000100000000000000000000000000000000000000000000000
01111101010101011111111111111110000000000000100000000000000000000000000000000000000000000000
01111111111111111111111111111110000000000000100000000000000000000000000000000000000000000000
01111111111111111111111111111110000000000000100000000000000000000000000000000000000000000000
01111111111111111111111111111110000000000000100000000000000000000000000000000000000000000000
01111111111111110100100100100100000000000000100000000000000000000000000000000000000000000000
01111111111111110000000000000100000000000000000000000000000000000000000000000000000000000000
01111101010101010000000000000100000000000000000000000000000000000000000000000000000000000000
01111100000000010000000000000000000000000000000000000000000000000000000000000000000000000000
01000000000000000000000000000000000000000000000000000000000000000000000000000000000000000000
01000000000000000000000000000000000000000000000000000000000000000000000000000000000000000000
01111111111111111111111111111111111111111111111111111111111111111111111111111111111111111111
01111111111111111111111111111111111111111111111111111111111111111111111111111111111111111111
00111111111111111111111111111111111111111111111111111111111111111111111111111111111111111111
00111101010101011111111111111111111111111111111111111111111111111111111111111111111111111111
00111101010101010100100100100101111111111111111111111111111111111111111111111111111111111111
00111101010101010100100100100100110110110110111111111111111111111111111111111111111111111111
00111101010101010100100100100100110110110110111011011011011011111111111111111111111111111111
00111101010101010100100100100100110110110110111011011011011011001001001001001111111111111111
00111101010101010100100100100100110110110110111011011011011011001001001001001101010101011111
00111101010101010100100100100100110110110110111011011011011011001001001001001101010101011111
00000001010101000100100100100100110110110110111011011011011011001001001001001101010101011111
00000000000000000100100100100000110110110110111011011011011011001001001001001101010101011111
00000000000000000000000000000000110110110110011011011011011011001001001001001101010101011111
00111100000000010000000000000000110110110110011011011011011011001001001001001101010101011111
00111101010101010000000000000100000000000000000011011011011011001001001001001101010101011111
00111101010101010100100100100100000000000000100000000000000000001001001001001101010101011111
00111101010101010100100100100100110110110110111000000000000000000000000000000101010101011111
00111101010101010100100100100100110110110110111011011011011011000000000000000000000000011111
00111101010101010100100100100100110110110110111011011011011011001001001001001000000000000000
00111101010101010100100100100100110110110110111011011011011011001001001001001101010101000000
00111101010101010100100100100100110110110110111011011011011011001001001001001101010101011111
01111101010101010100100100100100110110110110111011011011011011001001001001001101010101011111
01111101010101010100100100100100110110110110111011011011011011001001001001001101010101011101
01111101010101010100100100100100110110110110111011011011011011001001001001001101010001011101
01111101010101010100100100100100110110110110111011011011011011001001000001001101010001011101
01111101010101010100100100100100110110110110111011011010011011001001000001001101010001011101
01111101010101010100100100100100110110010110111011011010011011001001000001001101010001011101
01111101010101010100100000100100110110010110111011011010011011001001000001001101010001011101
01111101010001010100100000100100110110010110111011011010011011001001000001001101010001011101
01110101010001010100100000100100110110010110111011011010011011001001000001001101010001011101
00110101010001010100100000100100110110010110111011011010011011001001000001001101010001011101
00010101010001010100100000100100110110010110111011011010011011001001000001001101010001011101
00010100010001010100100000100100110110010110111011011010011011001001000001001101010001011101
00010100010001010000100000100100110110010110111011011010011011001001000001001101010001011101
00010100010001010000100000100100100110010110111011011010011011001001000001001101010001011101
00010100010001010000100000100100100110010110111011001010011011001001000001001101010001011101
00010100010001010000100000100100100110010110111011001010011011001000000001001101010001011101
00010100010001010000100000100100100110010110111011001010011011001000000001001101000001011101
00010100010001010000100000100100100110010110111011001010011011001000000001001101000001011001
00010100010001010000100000100100100110010110111011001010011011001000000001001101000001010001
00010100010001010000100000100100100110010110111011001010011011001000000001001100000001010001
00010100010001010000100000100100100110010110111011001010011011000000000001001100000001010001
00010100010001010000100000100100100110010110111010001010011011000000000001001100000001010001
00010100010001010000100000100100000110010110111010001010011011000000000001001100000001010001
00010100010001010000100000100100000110010110111010001010011011000000000001001100000001010001
00010100010001010000100000100100000110000110111000000010011011000000000001001100000001010001
00010100010001010000100000100100000010000110101000000010001011000000000001001100000001010001
00010100010001010000000000100100000010000110000000000010000011000000000000001100000001010001
00010100000001010000000000100000000000000010000000000010000010000000000000001100000000010001
00000100000001000000000000000000000000000010000000000000000010000000000000000100000000010000
00000000000000000000000000000000000000000000000000000000000000000000000000000000000000000000
00100000100000110001000000010000000100000010000000000100000100000000010000100000000111000000
01110100110001110001100000110000000110000110000000000110001100000000011111100000000111000000
01111100111011110001110001110000000111001110000000000111111100000000011111100000000111000000
01111100111111110001111011110000000111111110000000000111111100000000011111100000000111000000
01111100111111110001111111110000000111111110000000000111111100000000011111100000000111000000
01011100011111000001111111110000000111111110000000000111111100000000001111000000000000000000
00001000011111000001111111110000000111111110000000000111111100000000000000000000000000000000
00000000001110000000111111100000000111111110000000000001110000000000000000000000000000000000
00000000000000000000111111100000000111111110000000000000000000000000000000000000000000000000
00000000000000000000000100000000000111111110000000000000000000000000000000000000000000000000
00000000000000000000000000000000000111111110000000000000000000000000000000000000000000000000
00000000000000000000000000000000000001111000000000000000000000000000000000000000000000000000
00000000000000000000000000000000000000110000000000000000000000000000000000000000000000000000
00000000000000000000000000000000000000110000000000000000000000000000000000000000000000000000
