00000000000000000000000000000001001001001001000100100100100100000000000000000000000000000000
00000000000000000000000000000000100100100100001010010010010010000000000000000000000000000000
00000000000000000000000000000001001001001001000100100100100100000000000000000000000000000000
00000000000000000000000000000000100100100100001010010010010010000000000000000000000000000000
00000000000000000000000000000001001001001001000100100100100100000000000000000000000000000000
00000000000000000000000000000000100100100100001010010010010010000000000000000000000000000000
00000000000000000000000000000001001001001001000100100100100100000000000000000000000000000000
00000000000000000000000000000000100100100100001010010010010010000000000000000000000000000000
00000000000000000000000000000001001001001001000100100100100100000000000000000000000000000000
00000000000000000000000000000000100100100100001010010010010010000000000000000000000000000000
00000000000000000000000000000001111111111111011111111111111111000000000000000000000000000000
00000000000000001111111111111011111111111111111111111111111111111111111111111000000000000000
00000011111111101111111111111111111111111111111111111111111111111111111111111111111111100000
00111111111111111111111111111111111111111111111111111111111111111111111111111111111111111111
01111111111111111111111111111111111111111111111111111111111111111111111111111111111111111111
01111111111111111111111111111110000000000000100000000000000000111111111111111111111111111111
01111111111111110000000000000100000000000000000000000000000000000000000000000111111111111111
01111100000000010000000000000000000000000000000000000000000000000000000000000000000000011111
01000000000000000000000000000000000000000000000000000000000000000000000000000000000000000000
01010100001001010001000000000100001001000100100100010000000000000010001000100010100100111010
01000100010001100001100000000000001000000101000000010100000000000010000000101100101000111000
