01000000000000000000000000000000000000000000000000000000000000000000000000000000000000000000
01111100000000010000000000000000000000000000000000000000000000000000000000000000000000000000
00111111111111110000000000000100000000000000000000000000000000000000000000000000000000000000
00000011111111101111111111111110000000000000100000000000000000000000000000000000000000000000
00000000000000001111111111111011111111111111111000000000000000000000000000000000000000000000
00000000000000000000000000000001111111111111011000000000000000000000000000000000000000000000
00000000000000000000000000000001111111111111011000000000000000000000000000000000000000000000
00000000000000000000000000000000000000000000000000000000000000000000000000000000000000000000
00000000000000000000000000000001111111111111011000000000000000000000000000000000000000000000
00000000000000000000000000000000000000000000000000000000000000000000000000000000000000000000
00000000000000000000000000000001111111111111011000000000000000000000000000000000000000000000
00000000000000001111111111111011111111111111111111111111111111000000000000000000000000000000
00000000000000001111111111111011111111111111111111111111111111000000000000000000000000000000
00000000000000001111111111111011111111111111111111111111111111000000000000000000000000000000
00000000000000001111111111111011111111111111111111111111111111000000000000000000000000000000
00000000000000001111111111111010000000000000100111111111111111000000000000000000000000000000
00000001010101001111111111111110000000000000100111111111111111101010101001010000000000000000
01111101010101010100100100100100000000000000100101010101001010101010101001010000000000000000
01111101010101010100100100100100000000000000100101010101001010101010101001010000000000000000
01111101010101010100100100100100000000000000100101010101001010101010101001010000000000000000
01000000000000000000000000000000000000000000000000000000000000000000000000000000000000000000
01000000000000000000000000000000000000000000000000000000000000000000000000000000000000000000
01000000000000000000000000000000000000000000000000000000000000000000000000000000000000000000
01010000000000000000000000000000000000000000000000000000000000000000000000000000000000000000
01010000000000000000000000000000000000000000000000000000000000000000000000000000000000000000
01010000000000000000000000000000000000000000000000000000000000000000000000000000000000000000
01011000000000000000000000000000000000000000000000000000000000000000000000000000000000000000
01011000000000000000000000000000000000000000000000000000000000000000000000000000000000000000
01011000000000000000000000000000000000000000000000000000000000000000000000000000000000000000
00011100000000000000000000000000000000000000000000000000000000000000000000000000000000000000
00011100000000000000000000000000000000000000000000000000000000000000000000000000000000000000
00011100000000000000000000000000000000000000000000000000000000000000000000000000000000000000
00001100000000010000000000000000000000000000000000000000000000000000000000000000000000000000
01111111111111110101111110100101111111111111111010001000000000001111001001001111111111111111
01111101011111011111111111111111111111111111111111111111111111111111111111111000000000000000
01110110010001110100100101110001111111111111111111111111111111001001001111001101010010111111
01101101000100011111111111111111111111111111111111111111111111111111111111111000000001000000
01111111111111111110000000100101111111111111011001000000000010111100000000001111111111111111
01111111111101011101111100111111001000101010101011111001000010111001111001001100100000100100
01111111111101111110111100100100111001010110110001011110100100101011000100010111011101011111
01111101101111010100110111100000110011101000100011100001111010011111101011101001100010111110
01111111111111110100000010101100000000001001000000000011001110001000010100001111111111111111
01100111111111111100100100110101000000000011100111000000000001111101001001001111111111100000
00101011111111101010010101010101111111111111111111111111111111101110010101010111111111101000
01111111111111111000000000000101111111111111011111111111111111000000100010000111111111111111
01111110111000011001010101010000001000010001100000001000000000101001010101010000001001111111
01111111111111111111111111111110111110111110111011011011011011111111111111111101110101111111
01111100111100010010000000000001111111111111011111111111111111000100010110000100000100011111
01000101111110000000000000000000000001001010000001000000100000100000001000000000000000000000
00111110111110110000001010000001000000110001000100000011000000000000010100000000000100011111
00000011111111100000000100001110000010100000011000000000000000000000100010000111111111100010
00000000111110001111111111111010000000110000100000001000000000111111111111111000000001000100
01001000011111000000010001000001111111111111011111111111111111000000000000000000100000100000
01011000011111000010000000000000000010000100000000000000001000000100000100000100000000000000
01000101111111100000000000000001111111111111011111111111111111100000000000000000000010000000
01000010001111111111111111111111000000000001100100000000000010111111111111111000000000000001
01000011111111110000000000011110010000000000011000000000000001000000000000000111111111110000
01111100001111010000000000010001000000000000000100100000000000000000000000000010100000011111
01000010000111010000000000010000000000000001000011000000000000010100000000000001000000000000
01111110000111010000000000010000000000000001000000000000000000001000000000000000000000000000
01111111111111110000000000010100000000000001000000000000000000000000000000000000000000000000
01111111111111111111111111111110000000000001100000000000000001000000000000000000000000000000
01111111111111111111111111111110110000011001100000000000000001000000000000000000000000000000
01111111111111111111111111111110110000011001100000100000010001000110000011000000000000000000
01111111111111111111111111111110110000011001100000100000010001111111111111111000000000000000
01111111111111111111111111111110110000011001100000100000010001111111111111111111111111100000
01111111111111111111111111111111111111111111111111111111111111111111111111111111111111111111
01111111111111111111111111111111111111111111111111111111111111111111111111111111111111111111
01111111111111111111111111111111111111111111111111111111111111111111111111111111111111111111
01111111111111111111111111111111111111111111111111111111111111111111111111111111111111111111
01111111111111111111111111111111111111111111111111111111111111111111111111111111111111111111
01111111111111111111111111111110000010000100100111111111111111111111111111111111111111111111
01111111111111110100100100000100010000100000000000010001000000111111111111111111111111111111
01111100010000010100100000000100000100000000110010001000000000001111000000000111111111111111
01100101000001000100000000100000100000000010100001000000000010111000000000001000000000011111
01001000000100010000000100100100000000010000101000000000010001000000000001111000000000000000
01010100010001000000100100100000000010000100000000000010001000000000001111000000000000000000
01101001000100000100100100000000010000100000000000010001000000000001111000000000000000000000
01010000010000010100100000000100000100000000110010001000000000001111000000000000000000000000
01100101000001000100000000100000100000000010100001000000000010111000000000001000000000000000
01001000000100010000000100100100000000010000101000000000010001000000000001111000000000000000
01010100010001000000100100100000000010000100000000000010001000000000001111000000000000000000
01101001000100000100100100000000010000100000000000010001000000000001111000000000000000000000
01010000010000010100100000000100000100000000110010001000000000001111000000000000000000000000
00000000000000000000000000000000000000000000000000000000000000000000000000000000000000000100
00000000000000000000000000000000000000000000000000000000000000000000000000000000010000000100
00000000000000000000000000000000000000000000000000000000000000000000000000000000010000000000
00000000000000000000000000000000000000000000000000000000000000000001000000000000010000000000
00000000000000000000000000000000001000000000000000000000000000000001000000000000000000000000
00000000000000000000000000000000001000000000000000011000000000000000000000000000000000000000
00000000100000000000000000000000001000000000000000000000000000000000000000000000000000000000
00000000100000000011000000000000000000000000000000000000000000000000000000000000000000000000
01000000100000000000000000000000000000000000000000000000000000000000000000000000000000000000
01110000000000000000000000000000000000000000000000000000000000000000000000000000000000000000
01111100000000010000000000000000000000000000000000000000000000000000000000000000000000000000
01000000000000000000000000000000000000000000000000000000000000000000000000000000000000000000
01111100000000010000000000000000000000000000000000000000000000000000000000000000000000000000
01111101010101010000000000000100000000000000000000000000000000000000000000000000000000000000
01111110101010110000000000000000000000000000000000000000000000000000000000000000000000000000
01111111111111110000000000000100000000000000000000000000000000000000000000000000000000000000
01111111111111111011011011011110000000000000000000000000000000000000000000000000000000000000
01111111111111110100100100100100000000000000100000000000000000000000000000000000000000000000
01111111111111111111111111111110000000000000100000000000000000000000000000000000000000000000
01111111111111110100100100100100000000000000100000000000000000000000000000000000000000000000
01111111111111111111111111111111011011011011110000000000000000000000000000000000000000000000
01111111111111111111111111111110100100100100101000000000000000000000000000000000000000000000
01111111111111111111111111111111011011011011110010010010010010000000000000000000000000000000
01111111111111111111111111111111011011011011110010010010010010000000000000000000000000000000
01111111111111110100100100100100000000000000100000000000000000000000000000000000000000000000
01111111111111111111111111111111011011011011110010010010010010000000000000000000000000000000
01111111111111111111111111111111011011011011110010010010010010000000000000000000000000000000
01000011111111101111111111111111011011011011110010010010010010000000000000000000000000011111
01000000000000001111111111111011011011011011110010010010010010000000000000000101010101011111
01000000000000001111111111111011011011011011110010010010010010000000000000000010101010111111
01000000000000000010010010010011011011011011010111111111111111000000000000000111111111111111
01000000000000000010010010010011011011011011010111111111111111011011011011011111111111111111
01000000000000000010010010010011011011011011010111111111111111111111111111111111111111111111
01000000000000000010010010010011011011011011010111111111111111111111111111111111111111111111
00000000000000000000000000000000000000000000000000000000000000000000000000000000000000000000
00000000000000000000000000000000000000000000000000000000000000000000000000000000000000000000
