00000000000000000000000000000000000000000000000000000001000000000000000000000000000000000000
00000000000000000000000000000000000000100000000000000001000000000000000000000000000000000000
00000000000000000000000000000000000001100000000000000001000000000000000000000000000000000000
00000000000000000000001000000000000001100000000000000001000000000000000000000000000000000000
00000000000000000000011000000000000001100000000000000000000000000000000000000000000000000000
00000000001000000000011000000000000001000000000000000000000000000000000000000000000000000000
00000000011000000000011000000000000000000000000000000000000000000000000000000000000000000000
00010000011000000000010000000000000000000000000000000000000000000000000000000000000000000000
00010000111000000000000000000000000000000000000000000000000000000000000000000000000000000000
00110000110000000000000000000000000000000000000000000000000000000000000000000000000000000000
00110001100000000000000000000000000000000000000000000000000000000000000000000000000000000000
00100011100000000000000000000000000000000000000000000000000000000000000000000000000000000000
00100011000000001000000000000000000000000000000000000000000000000000000000000000000000000000
00000011000000001000000000000010000000000000000000000000000000000000000000000000000000000000
00000010000000001000000000000011000000000000000000000000000000000000000000000000000000000000
00000000000000001000000000000011000000000000010000000000000000000000000000000000000000000000
00000000000000000000000000000011000000000000110000000000000000000000000000000000000000000000
00000000000000000000000000000010000000000000111000000000000000000000000000000000000000000000
00000000000000000000000000000000000000000000111100000000000000000000000000000000000000000000
00000000000000000000000000001000000000000000111100000000000001000000000000000000000000000000
00000000000000100000000000001100000000000000101100000000000001100000000000000000000000000000
00000000000000100000000000011100000000000000000100000000000001100000000000001000000000000000
00000000000001100000000000011000000000000000000000000000000011000000000000011000000000000000
00000100000001100000000000010000000000000000000000000000000110000000000000011000000000000000
00000100000011100000000000000000000000000000000000000000000110000000000000110000000000000000
00001100000011000000000000000000000000000000000000000000001100000000000000110000000000000000
00001100000110000000000000000000000000000000000000000000001100000000000001100000000000000000
00001000001110000000000000000000000000000000000000000000001000000000000001100000000001000000
00011000001100000000000000000000000000000000000000000000000000000000000001100000000001100000
00011000011000000000000000000000000000000000000000000000000000000000000000100000000001100001
00010000111000000000000000000000000000000000000000000000000000000000000000000000000001110001
