00000000000000000000000000000000000000000000000000000000000000000000000000000000000000011111
00111100000000010000000000000000000000000000000000000000000000000000000000000000000000000000
00000000000000000000000000000000000000000000000000000000000000000000000000000000000000011111
00111100000000010000000000000000000000000000000000000000000000000000000000000000000000000000
00111100000000010000000000000000000000000000000000000000000000000000000000000000000000000000
00111100000000010000000000000000000000000000000000000000000000000000000000000000000000000000
00000000000000001001001001001000000000000000000000000000000000000000000000000000000000000000
00000000000000001001001001001000010010010010010000000000000000000000000000000000000000000000
00000000000000001000001001001000010010010010010000000000000000000000000000000000000000000000
00000000000000000000001001001000010010010010010000000000000000000000000000000000000000000000
00000000000000000000001001000000010010010010010000000000000000000000000000000000000000000000
00000000000000000000001000000000010010010010010000000000000000000000000000000000000000000000
00000000000000000000000000000000010010010010010000000000000000000000000000000000000000000000
00000000000000000000000000000000010010010010000000000000000000000000000000000000000000000000
00000000000000000000000000000000000010010010000000000000000000000000000000000000000000000000
00000000000000000000000000000000000000010010000000000000000000000000000000000000000000000000
00000000000000000000000000000000000000000010000000000000000000000000000000000000000000000000
00000000000000000000000000000000000000000000000000000000000000000000000000000000000000000000
00000000000000000000000000000000000000000000000000000000000000000000000000000000000000000010
00000000000000000000000000000000000000000000000000000000000000000000000000000000000100000010
00000000000000000000000000000000000000000000000000000000000000000000001000000000000100000010
00000000000000000000000000000000000001000000000000000000000000000000001000000000000100000010
00000000001000000000000000000000000001000000000000000000000000000000001000000000000100000010
01000000001000000000000000000000000001000000000000000000000000000000001000000000000100000010
01111100001000010000000000000000000001000000000000000000000000000000001000000000000100000010
00000011111111100000000000000100000001000000000000000000000000000000001000000000000100000010
00000000000000001111111111111010000001000000100000000000000000000000001000000000000100000010
00000000000000000000000000000001111111111111011100000000000000000000001000000000001110000010
00000000000000000000000000000000000000000000000111111111111111000000001000000111111111111111
00000000000000000000000000000000000000000000000000000000000000111111111111111100001111110111
00000000000000000000000000000000000000000000000000000000000000000000000000000111111111100010
00000000000000000000000000000000000000000000000000000000000000000000000000000000000000011111
00000000000000000000000000000000000000000000000000000000000000000000000000000000000000011111
00000000000000000000000000000000000000000000000000000000000000000000000000000000000000011111
00000000000000000000000000001110000000000000011000000000000000000000000000000000000000011111
00000010000000111000000000010001000000000001000110000000000001000000000000000000000000000000
01100101000001000100000000100000100000000010000001000000000010111000000000001000000000000000
00011000100010000010000001000000010000000100000000100000000100000100000000010111000000000000
00000000011100000001000010000000001000001000000000010000001000000010000000100000100000111000
00000000000000000000111100000000000100010000000000001000010000000001000001000000010001000101
00000000000000000000000000000000000011100000000000000100100000000000100010000000001010000010
00000000000000000000000000001110000000000000011000000011000011100000010100010100000100000000
00000010000000111000000000010001000000000011001110000000000101010000000000100010000000110000
01100101000001000100000000111000100000000110110011000000001010111000000001001001000001001001
00111101100011111010000001000111110000001100000001100000010100000100000010010111100010000110
00100111111111111001000010000111101000011000000001110000101000000010000100100000111100111000
01111001010100011111111111111110010100110000110010011001010000001111111001000000010001000101
00011100101000100010011000001001111111111111011100001110100000010000100010000001111010000010
00000000010111000001011000010000000111000001000111111111111111100000010100000010001100001100
00000000000100000000001111100000000000110010000000000001000010111111111111111100000100010010
00001000001010000000010001000000000001011100000000000001110100000000000100010111111111100011
01010100010001000000100000100000000010000100000000000010011011100000001111110100000001011111
00100000100000110001000000010000000100000011001100000100000100010000010000100010000111110000
00000011000000001010000000111100111000000101110010001000001010001000100001010001001001101011
00100010100001101101000001000111011000001000101001110000010001000101000010001100110010010110
01010110010010011000100010000101100100010000110110101000100000101111000100000010111100001000
01101101001100100100010100001000010010100000001111010101000000010101111000000001110000000000
00010000101111000010001000010000001001000001000000001110000001100000010000000010001000001100
00000000010000000001010111100000000110100010000000000001000011100000001000011100000100010010
00000000000000000000000000000000000000011111001100000000100100010000000100110010000010110001
00000000000000000000000000111000000000000100110010000000011000001000000011100001000001001001
00000000000001100000000001000111000000001000000001000000011000000100000010100000100011000110
00111110000010011000000010000000100000010000000000100000111000000010000110100000011101000000
01101011111111100100000100000100010000100000000000010001000000000001111000000000000000000000
00010000101000001111111111111010001001000000100000001110000000000000000000000000000000000000
00111100010000010001010000000001111111111111011000000000000000000000000000000000000000000000
00000011111111100000000000000100000000000000000111111111111111000000000000000000000000000000
00000000000000001111111111111010000000000000100000000000000000111111111111111000000000000000
00000000000000000000000000000001111111111111011000000000000000000000000000000111111111100010
00000000000000000000000000000000000000000000000111111111111111000000000000000000000000011111
00000000000000000000000000000000000000000000000000000000000000111111111111111000000000000000
00000000000000000000000000000000000000000000000000000000000000000000000000000111111111100000
00000000000000000000000000000000000000000000000000000000000000000000000000000000000000011111
00000000000000000000000000000000000000000000000000000000000000000000000000000000000000000000
00000000000000000000000000000000000000000000000000000000000000000000000000000000000000000000
00000000000000000000000000000000000000000000000000000000000000000000000000000000000000000000
00000000000000000000000000000000000000000000000000000000000000000000000000000000000000000000
00000000000000000000000000000000000000000000000000000000000000000000000000000000000000000000
00000000000000000000000000000000000000000000000000000000000000000000000000000000000000000000
00000000000000000000000000000000000000000000000000000000000000000000000000000000000000000000
00000000000000000000000000000000000000000000000000000000000000000000000000000000000000000000
00000000000000000000000000000000000000000000000000000000000000000000000000000000000000000000
