00000000000101000100001000010000000001000001000000000010000001100000010000000010001000001100
00001101001000101010010000001000110010000000001100000100000000010000100000000001110000000000
01110010110000010001100000000111001100000000110011111000000000001111000000000000000000000000
01110010110000010001100000000111001100000000110011111000000000001111000000000000000000000000
00001101001000101010010000001000110010000000001100000100000000010000100000000001110000000000
00000000000111000100001000010000000001000001000000000010000001100000010000000010001000001100
00000001000000001010000111100000110000100010000000000001000010000000001000001100000100010010
00100010100000000001000000000011001000011100000001110000100100000000000100010000000010100001
01010000010000010000100000000100000100000000110010001000011000001111000010100000000001000000
00001100001000100000010000001000000010000000001100000100000000010000100001000001110000000000
00000000000111000000001000010000000001000001000000000010011001100000010010100010001001001100
00000000000000000000000111100000000000111110000000000001100110000000001100011100000110110011
00000000000000000000000111100000000000111110000000000001100110000000001100011100000110110011
00000000000111000000001000010000000001000001000000000010011001100000010010100010001001001100
00001100001000100000010000001000000010000000001100000100000000010000100001000001110000000000
01010000010000010000100000000100000100000000110010001000011000001111000010100000000001000000
00100010100000000001000000000011001000011100000001110000100100000000000100010000000010100001
00000001000000001010000111100000110000100010000000000001000010000000001000001100000100010010
