00000000000000010000001000001110000111100000011100000001000000000000000000000000000000000000
00000000000000010000000100001110000011110000011100000000100000000000000000000000000000000000
00000000000000010000000010001110000001111000011100000000010000000000000000000000000000000000
00000000000000010000000001001110000000111100011100000000001000000000000000000000000000000000
00000000000000010000000000101110000000011110011100000000000100000000000000000000000000000000
00000000000000010000000000011110000000001111011100000000000010000000000000000000000000000000
00000000000000010000000000001110000000000111011100000000000001000000000000000000000000000000
01000000000000010000000000001110000000000011011100000000000000000000000000000000000000000000
00000000000000010000000000001110000000000001011100000000000000000000000000000000000000000000
01000000000000010000000000001110000000000000011100000000000000000000000000000000000000000000
00000000000000010000000000000100000000000000111100000000000000000000000000000000000000000000
01000000000000010000000000000100000000000000100100000000000000000000000000000000000000000000
00000000000000010000000000001110000000000000100100000000000000000000000000000000000000000000
01000000000000010000000000001110000000000000011100000000000000000000000000000000000000000000
00000000000000010000000000001111000000000001011100000000000000000000000000000000000000000000
00000000000000010000000000001110000000000000011100100000000010000000000000000000000000000000
00000000000000011000000000011110000000000000011100010000000100000000000000000000000000000000
00000001000001010000000000001110000000000000011100000000000000000001000000100000000000000000
00000000100010010000000000001111000000000001011100000000000000000000100000000000000001000000
00010000000010010000000000001111000000000010011100000000000000000000000000000000010010000000
01001000000000010000000000001110100000000100011100000000000000000000000000000000001010000000
01000000000000010000001000000100000000000000111100100000001000000000000000000000000000000101
01000000000000010000001000000100000000000000111100100000001000000000000000000000000000000101
01000000000000010000001000000100000000000000111100100000001000000000000000000000000000000101
01000000000000010000001000000100000000000000111100100000001000000000000000000000000000000101
01000000000000010000001000000100000000000000111100100000001000000000000000000000000000000101
01000000000000010000001000000100000000000000111100100000001000000000000000000000000000000101
00000000000000000000000000000000000000000000000000000000000000000000000000000000000000000000
