01000000000000000100100100100000000000000000100000000000000000001001001001001000000000000000
01000000000000000000000000000001111111111111011111111111111111000000000000000000000000000000
01000000000000000100100100100000000000000000100000000000000000001001001001001000000000000000
01000000000000000000000000000001111111111111011111111111111111000000000000000000000000000000
01111100000000010000000000000000000000000000000000000000000000000000000000000000000000011111
01000000000000000100100100100000000000000000100000000000000000001001001001001000000000000000
01111100000000010000000000000000000000000000000000000000000000001000000000000000000000011111
01000000000000000100100100100000000000000000100000000000000000001001001001001000000000000000
01111100000000010000000000000000000000000000000000000000000000000000000000000000000000011111
01000000000000000100100100100000000000000000100000000000000000001001001001001000000000000000
00000000000000000000000000000001111111111111011111111111111111000000000000000000000000000000
01111100000000010000000000000001111111111111011111111111111111000000000000000000000000011111
01111100000000010000000000000000000000000000000000000000000000000000000000000000000000011111
01111101010101011111111111111110110110110110111011011011011011111111111111111101010101011111
01111100000000010000000000000001111111111111011111111111111111000000000000000000000000011111
