00000001100000001000000000000000000000000001000000000000000000000000000000000000000000000000
00000001000000001000000000000001000000000001000000000000000000000000000000000000000000000000
00000000000000001000000000000001000000000001010000000000000000000000000000000000000000000000
00000000000000000000000000000001000000000001011000000000000000000000000000000000000000000000
00000100000000000000000000000000000000000001011000000000000000000000000000000000000000000000
00000100000000000000000000000000000000000011011000000000000000000000000000000000000000000000
00000100000000000000000000100000000000000011001000000000000000000000000000000000000000000000
00000100000001000000000000100000000000000011000000000000000000000000000000000000000000000000
00000100000001000000000000100000000000000010000000000000000000000000000000000010000000000000
01000100000001000000000000100000000000000010000000000000000000000000000000000010000000000000
01100100000001000000000000100000000000000000000000000000000000000000000000000010000000000000
01100110000001000000000000000000000000000000000000000000000000000000000000000010000000000000
01100110000000000000000000000010000000000000000000000000000000000000000000000010000000000000
01100010000000000000000000000010000000000000010000000000000000000000000000000010000000000000
00100010000000000000000000000010000000000000010010000000000000000000000000000010000000000000
00000010000000000000000000000010000000000000010010000000000000010000000000000010000000000000
00000000000000000010000000000010000000000000010010000000000000010000000000000010000000000000
00000000000000000010000000000010000000000000010010000000000000010000000000000010000000010000
00000000000000000010000000000000000000000000010010000000000000010000000000000010000000010001
00000000000000000010000000000000000000000000000010000000000000010000000000000010000010010001
00000000000000000010000000000000000000000000000000000000000000010000000100000010000010010001
00000000000000000010000000000000000000000000000000000001000000000000000100000010000010010001
00000000000000000010000000000000000001000000000000000001000000000000000100000000000010010001
00000000000000000010010000000000000001000000000000000001000000000000000100000000000010000001
00000000000000000010110000000000000001000000000000000001000000000000000100000000000010000000
00000000000000000011110000000000000001000000000000000001000000000000000100000000000000000000
00000000000000000011110000000000000001000000000000000001000000000000000100000000000000000000
