00000000000000000000000000001001111111111111110000000000000000000000000000000000000000000000
00000000000000000000000000011001111111111110011000000000000000000000000000000000000000000000
00000000000000000000000000110001111111111101011000000000000000000000000000000000000000000000
00000000000000000000000001100001111111111011011000000000000000000000000000000000000000000000
00000000000000000000000110000001111111101111011000000000000000000000000000000000000000000000
00000000000000000000001100000001111111011111011000000000000000000000000000000000000000000000
00000000000000000000011000000001111110111111011000000000000000000000000000000000000000000000
00000000000000000000110000000001111101111111011000000000000000000000000000000000000000000000
00000000000000000001100000000001111011111111011000000000000000000000000000000000000000000000
00000000000000000011000000000001110111111111011000000000000000000000000000000000000000000000
00000000000000000110000000000001101111111111011000000000000000000000000000000000000000000000
00000000000000001100000000000001011111111111011000000000000000000000000000000000000000000000
00000000000000001000000000000010111111111111011000000000000000000000000000000000000000000000
00000000000000000000000000000011111111111111101000000000000000000000000000000000000000000000
