00000000000000000000000000000000000000000111001000000000000000000000000000000000000000000000
00000000000000000000000000000000000000001111000000000000000000000000000000000000000000000000
00000000000000000000000000000000000000011110000000000000000000000000000000000000000000000000
00000000000000000000000000000000000000111100000000000000000000000000000000000000000000000000
00000000000000000000000000000000000001111000000000000000000000000000000000000000000000000000
00000000000000000000000000000000000011110000000000000000000000000000000000000000000000000000
00000000000000000000000000000000000111100000000000000000000000000000000000000000000000000000
00000000000000000000000000000000001111000000000000000000000000000000000000000000000000000000
00000000000000000000000000000000011110000000000000000000000000000000000000000000000000000000
00000000000000000000000000000000111100000000000000000000000000000000000000000000000000000000
00000000000000000000000000000001111000000000000000000000000000000000000000000000000000000000
00000000000000000000000000000001110000000000010000000000000000000000000000000000000000000000
00000000000000000000000000000001100000000000011000000000000000000000000000000000000000000000
00000000000000000000000000000001000000000001011000000000000000000000000000000000000000000000
00000000000000000000000000000000000000000011011000000000000000000000000000000000000000000000
