01000000000000000000000000000000000000000000000000000000000000000000000000000000000000011111
01111100000000010000000000000000000000000000000000000000000000000000000000000010101010111111
00111110101010110000000000000000000000000000000000000000000000000000000000000111111111100000
00000011111111100000000000000100000000000000000000000000000000110110110110110101010101000000
00000001010101001011011011011110000000000000000000000000000000111111111111111000000000000000
00000000000000001111111111111010000000000000100100100100100100001001001001001000000000000000
00000000000000001111111111111010000000000000100111111111111111000000000000000000000000000000
00000000000000000000000000000000000000000000000111111111111111000000000000000000000000000000
00000000000000001011011011011010000000000000000000000000000000000000000000000000000000000000
00000000000000000000000000000000000000000000000011011011011011000000000000000000000000000000
00000000000000001111111111111010000000000000100000000000000000000000000000000000000000000000
00000000000000001111111111111010000000000000100111111111111111000000000000000000000000000000
01000010101010101111111111111010000000000000100000000000000000000000000000000000000000000000
00000000000000000000000000000000000000000000000111111111111111010100101010101000000000011111
00000000000000000000000011100000000000000010000100000000000011000000000000000000000000000000
00000000000000000000000110000000000000000000000110000000000000000000000000000000000000000000
00000000000000000000001100000000000000000000000011000000000000000000000000000000000000000000
00000000000000000000011000000000000000000000000001100000000000000000000000000000000000000000
00000000000000000000110000000000000000000000000000110000000000000000000000000000000000000000
00000000000000000001100000000000000000000000000000011000000000000000000000000000000000000000
00000000000000000011000000000000000000000000000000001100000000000000000000000000000000000000
00000000000000000110000000000000000000000000000000000110000000000000000000000000000000000000
00000000000000001100000000000000000000000000000000000011000000000000000000000000000000000000
00000000000000001100000000000000000000000000000000000001100000000000000000000000000000000000
00000000000000001000000000000010000000000000000000000001100000000000000000000000000000000000
00000000000000000000000000000010000000000000100000000000110000000000000000000000000000000000
00000000000000000000000000001000000000000000100000000000011000000000000000000000000000000000
00000000000000000000000000011000000000000000000000000000001100000000000000000000000000000000
00000000000000000000000000100000000000000110000000000000000100000000000000000000000000000000
00000000000000000000000000000000000000001111000000000000000000000000000000000000000000000000
00000000000000000000000000000000000000011111001000000000000000000000000000000000000000000000
00000000000000000000000000000000000000111111011000000000000000000000000000000000000000000000
00000000000000000000000000000001000001111001011000000000000000000000000000000000000000000000
00000000000000000000000000000001100011110000011000000000000000000000000000000000000000000000
00000000000000000000000000000001111111100000010000000000000000000000000000000000000000000000
00000000000000000000000000000001111111000000000000000000000000000000000000000000000000000000
00000000000000000000000000000000111110000000000000000000000000000000000000000000000000000000
00000000000000000000000000000000011100000000000000000000000000000000000000000000000000000000
00000000000000000000000000000000001000000000000000000000000000000000000000000000000000000000
00000000000000000000000000000000000000000000000000000000000000000000000000000000000000000000
00000000000000000000000000000001111111111111011000000000000000000000000000000000000000000000
00000000000000000000000000000001111111111111011111111111111111000000000000000000000000000000
00000000000000001111111111111011111111111111111111111111111111000000000000000000000000000000
00000000000000001111111111111011111111111111111111111111111111111111101111111000000000000000
00000011111111101111111111111111111111111111111111111111111111111111101111111000000000000000
01111100000000010000000000000000000000000000000000000000000000000000000000000010101010111111
00000001010101000000000000000101001001001001000000000000000000000000000000000000000000000000
01111100000000010000000000000000000000000000000000000000000000000000000000000010101010111111
00000011111111101111111111111111111111111111111111111111111111111111101111111000000000000000
01111100000000010000000000000000000000000000000000000000000000000000000000000010101010111111
00000011111111101111111111111111111111111111111111111111111111111111101111111000000000000000
01111100000000010000000000000000000000000000000000000000000000000000000000000010101010111111
00000000000000000000000000000000000000000000000000000000000000110110110110110010101010100000
00000000000000000000000000000000000000000000000011011011011011110110110110110000000000000000
00000000000000000000000000000001001001001001000011011011011011000000000000000000000000000000
00000000000000001011011011011011001001001001000000000000000000000000000000000000000000000000
00000001010101001011011011011110000000000000000000000000000000000000000000000000000000000000
00111110101010110000000000000000000000000000000000000000000000000000000000000000000000000000
01111100000000010000000000000000000000000000000000000000000000000000000000000000000000000000
00000000000000000000000000000000000000000000000000000000000000000000000000000000000000000000
01000000000000000000000000000000000000000000000000000000000000000000000000000000000000000000
01000100100000000000000000000000000000000000000000000000000000000000000000000000000000000000
01000100100000000000000000100000001000000000000000000000000000000000000000000000000000000000
01000100100000000000000000100000001000000000000000000000000100000001000000000000000000000000
01000100100000000000000000100000001000000000000000000000000100000001000000000000000000100100
01000100100000000000000000100000001000000000000000000000000100000001000000000000000000100100
00000100110000010000000000110000001100000000000000000000000110000001100000000100000000100110
00100000011000010000000000011000000110000000000000000000000011000000110000000110000000000011
00110000001100000000000000001000000011000000100100000000000001000000011000000011000000010001
00011000000110000000000000000010000001100000100110000000000000000000001100000001100000011000
00001100000011001000000000000010000000110000000011000000000000000000000110000000110000001100
00000100000001111100000000000000000000011000000001100000000000000000000011000000011000000110
00100000000000110110000000000100000000001100000000110000000000000000000001100000001100000011
00110010000000000011000000000100000000000110000000011000000000000000000000110000000110010001
00011011000000000001100000000000000000000011000000001100000000000000000000011000000011011000
00001101100000000000110000000000000000000001001000000110000000100000000000001000000001101100
00000100110000010000011000000000000000000000011000000011000000110000000000000100000000100110
00100000011000010000001100000001000000000000010000000001100000011000000000000110000000000011
00110000001100000000000110000001100000000000000000000000110000001100000000000011000000010001
00011000000110000000000011000000110000000000000000000000011000000110000000000001100000011000
00001100000011000000000001100000011000000000000000000000001100000011000000000000110000001100
00000100000001110000000000110000001100000000000000000000000110000001100000000000011000000110
00100000000000110000000000011100000110000000000000000000000011000000110000000000001100000011
00110010000000000000000000001100000011000000100100000000000001000000011000000000000110010001
00011011000000000000000000000010000001100000100110000000000000000000001100000000000011011000
00001101100000001000000000000010000000110000000011000000000000000000000110000000000001101100
00000100110000011100000000000000000000011000000001100000000000000000000011000100000000100110
00100000011000010110000000000000000000001100000000110000000000000000000001100110000000000011
00110000001100000011000000000000000000000110000000011000000000000000000000110011000000010001
00011000000110000001100000000000000000000011000000001100000000000000000000011001100000011000
