00000000000001100000000000000110000000000000000000000000000000000000000000000000000000000000
00000000000001100000000001000100000000000000000000000000000000000000000000000000000000000000
00000000000001100000000001000000000000001000000000000000000000000000000000000000000000000000
00000000000001000000000001000000000000001000000000000000010000000000000000000000000000000000
00000000000000000000000001000000000000001000000000000000010000000000000010000000000000000000
00000000000000000000000000000000000000001000000000000000010000000000000010000000000010000000
01010000010000010000100000000100000100000000110010001000000000001111000000000000000000000000
00001100001000100000010000001000000010000000001100000100000000010000100000000001110000000000
01101001000100000100000100000000010000100000000000010001000000000001111000000000000000000000
00000110000010011000000010000000100000010000000000100000100000000010000100000000011100000000
01010100010001000000100000100000000010000100000000000010001000000000001111000000000000000000
00100000100000110001000000010000000100000010000000000100000100000000010000100000000111000000
01001000000100010000000100000100000000010000101000000000010001000000000001111000000000000000
00110010001000000000001000000010000000100000010100000000100000100000000010000100000001100000
01100101000001000100000000100000100000000010000001000000000010111000000000001000000000000000
00011000100010000010000001000000010000000100000000100000000100000100000000010111000000000000
00000000000000000000000000000000000000000000000000000000010000000000000010000000000010000010
00000000000000000000000000000000000000000000000000000000000000000000000010000000000010000110
00000000000000000000000000000000000000000000000000000000000000000000000000000000100010000110
00000000000000000000000000000000000000000000000000000000000000000100000000000000100000000110
00000000000000000000000000000000000000000000000001000000000000000100000000000000100000000100
00000000000000000000000000000001000000000000000001000000000000000100000000000000100000000000
00000000000000000000000000000011000000000000000001000000000000000100000000000000000000000000
00000000000000000000000000000111000000000000000001000000000000000000000000000000000000000000
00000000000000000000000000000000000000000111001000000000000000000000000000000000000000000000
00000000000000000000000000000000000000001111000000000000000000000000000000000000000000000000
00000000000000000000000000000000000000011110000000000000000000000000000000000000000000000000
00000000000000000000000000000000000000111100000000000000000000000000000000000000000000000000
00000000000000000000000000000000000001111000000000000000000000000000000000000000000000000000
00000000000000000000000000000000000011110000000000000000000000000000000000000000000000000000
00000000000000000000000000000000000111100000000000000000000000000000000000000000000000000000
00000000000000000000000000000000001111000000000000000000000000000000000000000000000000000000
00000000000000000000000000000000011110000000000000000000000000000000000000000000000000000000
00000000000000000000000000000000111100000000000000000000000000000000000000000000000000000000
00000000000000000000000000000001111000000000000000000000000000000000000000000000000000000000
00000000000000000000000000000001110000000000010000000000000000000000000000000000000000000000
00000000000000000000000000000001100000000000011000000000000000000000000000000000000000000000
00000000000000000000000000000001000000000001011000000000000000000000000000000000000000000000
00000000000001100000000000000110000000000011011000000000000000000000000000000000000000000000
00000000000001100000000001000100000000000000000000000000000000000000000000000000000000000000
00000000000001100000000001000000000000001000000000000000000000000000000000000000000000000000
00000000000001000000000001000000000000001000000000000000010000000000000000000000000000000000
00000000000000000000000001000000000000001000000000000000010000000000000010000000000000000000
00000000000000000000000000000000000000001000000000000000010000000000000010000000000010000000
00000000000000000000000000000000000000000000000000000000010000000000000010000000000010000010
00000000000000000000000000000000000000000000000000000000000000000000000010000000000010000110
00000000000000000000000000000000000000000000000000000000000000000000000000000000100010000110
00000000000000000000000000000000000000000000000000000000000000000100000000000000100000000110
00000000000000000000000000000000000000000000000001000000000000000100000000000000100000000100
00000000000000000000000000000001000000000000000001000000000000000100000000000000100000000000
00000000000000000000000000000011000000000000000001000000000000000100000000000000000000000000
00000000000000000000000000000111000000000000000001000000000000000000000000000000000000000000
00000000000000100000000000000111000000000000000000000000000000000000000000000000000000000000
00000000000000100000000000000111000000000000000000000000000000000000000000000000000000000000
