00000000000000000000000000000000000000000111001000000000000000000000000000000000000000000000
00000000000000000000000000000000000000001111000000000000000000000000000000000000000000000000
00000000000000000000000000000000000000011110000000000000000000000000000000000000000000000000
00000000000000000000000000000000000000111100000000000000000000000000000000000000000000000000
00000000000000000000000000000000000001111000000000000000000000000000000000000000000000000000
00000000000000000000000000000000000011110000000000000000000000000000000000000000000000000000
00000000000000000000000000000000000111100000000000000000000000000000000000000000000000000000
00000000000000000000000000000000001111000000000000000000000000000000000000000000000000000000
00000000000000000000000000000000011110000000000000000000000000000000000000000000000000000000
00000000000000000000000000000000111100000000000000000000000000000000000000000000000000000000
00000000000000000000000000000001111000000000000000000000000000000000000000000000000000000000
00000000000000000000000000000001110000000000010000000000000000000000000000000000000000000000
00000000000000000000000000000001100000000000011000000000000000000000000000000000000000000000
00000000000000000000000000000001000000000001011000000000000000000000000000000000000000000000
00000000000000000000000000000000000000000011011000000000000000000000000000000000000000000000
00000000000000000000000000000000000000000111001000000000000000000000000000000000000000000000
00000000000000000000000000000000000000001111000000000000000000000000000000000000000000000000
00000000000000000000000000000000000000011110000000000000000000000000000000000000000000000000
00000000000000000000000000000000000000111100000000000000000000000000000000000000000000000000
00000000000000000000000000000000000001111000000000000000000000000000000000000000000000000000
00000000000000000000000000000000000011110000000000000000000000000000000000000000000000000000
00000000000000000000000000000000000111100000000000000000000000000000000000000000000000000000
00000000000000000000000000000000001111000000000000000000000000000000000000000000000000000000
00000000000000000000000000000000011110000000000000000000000000000000000000000000000000000000
00000000000001100000000000000110111100000000000000000000000000000000000000000000000000000000
00000000000001100000000001000101111000000000000000000000000000000000000000000000000000000000
00000000000001100000000001000001110000001000010000000000000000000000000000000000000000000000
00000000000001000000000001000001100000001000011000000000010000000000000000000000000000000000
00000000000000000000000001000001000000001001011000000000010000000000000010000000000000000000
00000000000000000000000000000000000000001011011000000000010000000000000010000000000010000000
00000000000000000000000000000000000000000111001000000000010000000000000010000000000010000010
00000000000000000000000000000000000000001111000000000000000000000000000010000000000010000110
00000000000000000000000000000000000000011110000000000000000000000000000000000000100010000110
00000000000000000000000000000000000000111100000000000000000000000100000000000000100000000110
00000000000000000000000000000000000001111000000001000000000000000100000000000000100000000100
00000000000000000000000000000001000011110000000001000000000000000100000000000000100000000000
00000000000000000000000000000011000111100000000001000000000000000100000000000000000000000000
00000000000000000000000000000111001111000000000001000000000000000000000000000000000000000000
00000000000000100000000000000111011110000000000000000000000000000000000000000000000000000000
00000000000001100000000000000110111100000000000000000000000000000000000000000000000000000000
00000000000001100000000001000101111000000000000000000000000000000000000000000000000000000000
00000000000001100000000001000001110000001000010000000000000000000000000000000000000000000000
00000000000001000000000001000001100000001000011000000000010000000000000000000000000000000000
00000000000000000000000001000001000000001001011000000000010000000000000010000000000000000000
00000000000000000000000000000000000000001011011000000000010000000000000010000000000010000000
00000000000000000000000000000000000000000000000000000000010000000000000010000000000010000010
00000000000000000000000000000000000000000000000000000000000000000000000010000000000010000110
00000000000000000000000000000000000000000000000000000000000000000000000000000000100010000110
00000000000000000000000000000000000000000000000000000000000000000100000000000000100000000110
00000000000000000000000000000000000000000000000001000000000000000100000000000000100000000100
00000000000000000000000000000001000000000000000001000000000000000100000000000000100000000000
00000000000000000000000000000011000000000000000001000000000000000100000000000000000000000000
00000000000000000000000000000111000000000000000001000000000000000000000000000000000000000000
00000000000000100000000000000111000000000000000000000000000000000000000000000000000000000000
