00000000000000000000000000000000000000000000000000000000000000000000000000000000000000000000
00000000000000100000000000000000000000000000000000000000000000000000000000000000000000000000
01000100000001010000000000111100000000000000100000000000000000000000000000000000000000000000
00111010000010000000000001000010000000000111011000000000000000000000000000000000000000000000
00000001111100001000000010000001000000001000000110000000001111000000000000000000000000000000
00000001111100001000000010000001000000001000000110000000001111000000000000000000000000000000
00000000000000000111111100000000100000010000000001000000010000111000000001111000000000000000
00000000000000000000000000000000011111100000000000100000100000000100000010000111000001100000
00000000000000000000000000000000000000000000000000011111000000000010000100000000100010011001
00000000000000000000000000000000000000000000000000000000000000000001111000000000010100000110
00000000000000000000000000000000000000000000000000000000000000000000000000000000011000000100
