00111100000000010000000000000000000000000000000000000000000000000000000000000000000000000000
00111110101010110000000000000000000000000000000000000000000000000000000000000000000000000000
00111110101010111001001001001000000000000000000000000000000000000000000000000000000000000000
00111110101010111001001001001000100100100100001000000000000000000000000000000000000000000000
00111110101010111001001001001000100100100100001100100100100100000000000000000000000000000000
00111110101010111001001001001000100100100100001100100100100100010010010010010000000000000000
00111110101010111001001001001000100100100100001100100100100100010010010010010101010101000000
00111110101010111001001001001000100100100100001100100100100100010010010010010111111111100000
00111110101010111001001001001000100100100100001100100100100100010010010010010111111111100000
00111110101010111001001001001000100100100100001100100100100100110110110110110111111111100000
00111110101010111001001001001000100100100100001100100100100100110110110110110111111111100000
00111110101010111001001001001000110110110110011100100100100100110110110110110111111111100000
00111110101010111011011011011010110110110110011100100100100100110110110110110111111111100000
00111110101010111011011011011010110110110110011100100100100100110110110110110111111111100000
00000010101010101011011011011010110110110110011100100100100100110110110110110111111111100000
00000000000000001011011011011010110110110110011100100100100100110110110110110111111111100000
00000000000000000010010010010010110110110110011100100100100100110110110110110111111111100000
00000000000000000010010010010010010010010010010100100100100100110110110110110111111111100000
00000000000000000010010010010010010010010010010000000000000000110110110110110111111111100000
00000000000000000010010010010010010010010010010000000000000000100100100100100111111111100000
00000000000000000010010010010010010010010010010000000000000000100100100100100010101010100000
00000000000000000010010010010010010010010010010000000000000000100100100100100000000000000000
00000000000000000010010010010010010010010010010000000000000000100100100100100000000000000000
00000000000000000010010010010010010010010010010000000000000000000000000000000000000000000000
00000000000000000010010010010010010010010010010000000000000000000000000000000000000000000000
00000000000000000010010010010010000000000000000000000000000000000000000000000000000000000000
00000000000000000000000000000000000000000000000000000000000000000000000000000000000000000000
00000000000000000000000000000000000000000000000000000000000000000000000000000000000000000000
