00000000010000100011111000000000000110000001000000000100000000000000110000000100001000000000
00000000010000100011111000000000000110000001000000000100000000000000110000000100001000000000
00000000000000000000000000000000000000000000000000000000000000000000000000000000000000000000
00000000010000100011111000000000000110000001000000000100000000000000110000000100001000000000
00000000001000000001111100000100000011000000001000000010000000000000011000000010000100000000
00000010000100000000111110000000000001100000010000000001000000000000001100000001000010000000
00000001000010000000011111000001000000110000000000000000100000000000000110000000100001000000
00000000100001000000001111100000100000011000000000000000010000000000000011000000010000100000
00000000010000100000000111110000010000001100000000000000001000000000000001100100001000000000
00000000001000000000000011111100001000000110000000000000000100000000000000110010000100000000
00000010000100000000000001111000000100000011100000000000000010000000000000011001000010000000
00000001000010000000000000111010000010000001101000000000000001100000000000001000100001000000
00000000100001001000000000011010000001000000111100000000000000110000000000000000010000100000
00000000010000101100000000001011000000100000110010000000000000011000000000000100001000000000
00000000010000101110000000000011100000010000100001000000000000001100000000000100001000000000
00000000010000101111000000000010110000001000000000100000000000000110000000000100001000000000
00000000010000101111100000000000011000000100000000010000000000000011000000000100001000000000
00000000010000100111110000000000001100000010000000001000000000000001100000000100001000000000
00000000010000100011111000000000000110000001000000000100000000000000110000000100001000000000
00000000000000000000000000000000000000000000000000000000000000000000000000000000000000000000
00000000010000100011111000000000000110000001000000000100000000000000110000000100001000000000
00000000010000100011111000000000000110000001000000000100000000000000110000000100001000000000
00000000000000000000000000000000000110000001000000000000000000000000000000000000000000000000
00000000000000000000010000001000001000000000000000000000000000000000000000000000000000000000
00000000001000000000000000000100010000000000000000000000000000000000000000000000000000000000
00001010000000000000000000000000100000000000000000000000000000000000000000000000000000000000
00000101000000000000000000000001000000000000000000000000000000000000000000000000000000000000
00000000000000100010000000000000000000000000010000000000000000000000000000000000000000000000
00000000000000000000000000001000001000000000001000000000000000000000000000000000000000000000
00000000000000000000000000000000000000000001001000001000000000000000000000000000000000000000
00000000000000000000000000000000000000000010000100000000000000000000100000000000000000000000
00000000000000000000000000000000000000000100000000000000000000010000000000000000001000000000
00000000000000000000000000000000000000001000000000000000000000000000000000000001000000000010
00000000000000000000000000000000000000010000000000000000000000000000000000000000100000000001
00000000000000000000000000000000000000100000000000000000000000000000000000000000010000100000
00000000000000000000000000000000000001000000000000000000000000000000100000010000000000000000
00000000000000000000000000000000000010000000000000000100000010000000000000000000000000000000
00000000000000000000000000000000000110000001000000000000000000000000000000000000000000000000
00000000000000000000000000000000000110000001000000000000000000000000000000000000000000000000
00000000010000100011111000000000000110000001000000000100000000000000110000000100001000000000
