00000000000000000000000000000001111111111111011000000000000000000000000000000000000000000000
00000000000000001111111111111010000000000000100111111111111111000000000000000000000000000000
00000011111111100000000000000100000000000000000000000000000000111111111111111000000000000000
00111100000000010000000000000000000000000000000000000000000000000000000000000111111111100000
01000000000000000000000000000000000000000000000000000000000000000000000000000000000000011111
01111100000000010000000000000000000000000000000000000000000000000000000000000111111111111111
01111111111111110000000000000100000000000000000000000000000000111111111111111111111111111111
01111111111111111111111111111110000000000000100111111111111111111111111111111111111111111111
01111111111111111111111111111111111111111111111111111111111111111111111111111111111111111111
00111111111111111111111111111111111111111111111111111111111111111111111111111111111111111111
00101111111111111111111111111111111111111111111111111111111111111111111111111111111111111111
00101111011111111111111111111111111111111111111111111111111111111111111111111111111111111111
00101111011111111101111111111111111111111111111111111111111111111111111111111111111111111111
00101111011111111101111111111111101111111111111111111111111111111111111111111111111111111111
00101111011111111101111111111111101111111111111111101111111111111111111111111111111111111111
00101111011111111101111111111111101111111111111111101111111111111101111111111111111111111111
00101111011111111101111111111111101111111111111111101111111111111101111111111111011111111111
00101111011111111101111111111111101111111111111111101111111111111101111111111111011111110111
00101111011111111101111111111111101111111111111111101111111111111101111111111111011111100111
00101111011111111101111111111111101111111111111111101111111111111101111111111111011111000111
00101111011111111101111111111111101111111111111111101111111111111101111111011111011111000111
00101111011111111101111111111111101111111111111111101111110111111101111111011111011111000111
00101111011111111101111111111111101111110111111111101111110111111101111111011111011111000111
00101111011111111101111101111111101111110111111111101111110111111101111111011111011111000111
00101111011011111101111101111111101111110111111111101111110111111101111111011111011111000111
00101111010011111101111101111111101111110111111111101111110111111101111111011111011111000111
00101111000011111101111101111111101111110111111111101111110111111101111111011111011111000111
00101111000011111100111101111111100111110111111111101111110111111101111111011111011111000111
00101111000011111100111101111111100111110111111111100111110111111101111111011111011111000111
00101111000011111100111101111111100111110111111111100111110111111100111111011111011111000111
00101111000011111100111101111111100111110111111111100111110111111100111111011111001111000111
00101111000011111100111101111111100111110111111111100111110111111100111111011111001111000011
00101111000011111100111101111111100111110111111111100111110111111100111111011111001111000010
00101111000011111100111101111111100111110111111111100111110111111100111111011111001110000010
00101111000011111100111101111111100111110111111111100111110111111100111110011111001110000010
00101111000011111100111101111111100111110111111111100111100111111100111110011111001110000010
00101111000011111100111101111111100111100111111111100111100111111100111110011111001110000010
00101111000011111100111001111111100111100111111111100111100111111100111110011111001110000010
00101111000011111100110001111111100111100111111111100111100111111100111110011111001110000010
00101111000011111100100001111111100111100111111111100111100111111100111110011111001110000010
00101111000011111100000001111111100111100111111111100111100111111100111110011111001110000010
00101111000011111100000001111111100011100111111111100111100111111100111110011111001110000010
00101111000011111100000001111111100011100111111111100011100111111100111110011111001110000010
00101111000011111100000001111111100011100111111111100011100111111100011110011111001110000010
00101111000011111100000001111111100011100111111111100011100111111100011110011111000110000010
00101111000011111100000001111111100011100111111111100011100111111100011110011111000110000000
00101111000011111100000001111111100011100111111111100011100111111100011110011111000100000000
00101111000011111100000001111111100011100111111111100011100111111100011100011111000100000000
00101111000011111100000001111111100011100111111111100011000111111100011100011111000100000000
00101111000011111100000001111111100011000111111111100011000111111100011100011111000100000000
00101111000011111100000001111111100010000111111111100011000111111100011100011111000100000000
00101111000011111100000001111111100000000111111111100011000111111100011100011111000100000000
00101111000011111100000001111111100000000111111111100001000111111100011100011111000100000000
00101111000011111100000001111111100000000111111111100001000111111100001100011111000100000000
00101111000011111100000001111111100000000111111111100001000111111100001100011111000000000000
00101111000011111100000001111111100000000111111111100001000111111100001000011111000000000000
00101111000011111100000001111111100000000111111111100000000111111100001000011111000000000000
00101111000011111100000001111111100000000111111111100000000111111100000000011111000000000000
00101111000011111100000001111111100000000111111001100000000110111100000000011111000000000000
00101111000011111100000001111110100000000110100001100000000110000100000000010111000000000000
00101111000011110000000001100100000000000000000000000000000000000000000000000000000000000000
00101111000000110000000000000100000000000000000000000000000000000000000000000000000000000000
00000000000000000000000000000000000000000000000000000000000000000000000000000000000000000000
00000000000000000000000000000000000000000000000000000000000000000000000000000000000000000000
01111111111111111111111111111111111111111111111111111111111111111111111111111111111111111111
01111111111111111111111111111111111111111111111111111111111111111111111111111111111111111111
00000000000000000000000000000000000000000000000000000000000000000000000000000000000000000000
00000000000000000000000000000000000000000000000000000000000000000000000000000000000000000000
