00000000011100000001000010000000001000001000000000010000001000000010000000100000100000111000
00001100001000100000010000001000000010000000001100000100000000010000100000000001110000000000
00000001110000001000010000000001000001000000000010000001000000010000000100000010000010010001
00000000000000000000000000000000000000000000000111111111111111000000000000000000000000000000
01111101010101010100111100100100110110110110111011011011011011001001001001001101010101011111
00000000000000000000000000000000000000000000000111111111111111000000000000000000000000000000
00000001110000001000010000000001000001000000000010000001000000010000000100000010000010010001
00001100001000100000010000001000000010000000001100000100000000010000100000000001110000000000
00000000011100000001000010000000001000001000000000010000001000000010000000100000100000111000
01111101010101010100111100100100110110110110111011011011011011001001001001001101010101011111
01111101010101010100111100100100110110110110111011011011011011001001001001001101010101011111
01111101010101010100111100100100110110110110111011011011011011001001001001001101010101011111
01111101010101010100111100100100110110110110111011011011011011001001001001001101010101011111
00000000011100000001000010000000001000001000000000010000001000000010000000100000100000111000
00000000000111000000001000010000000001000001000000000010000001100000010000000010001000001100
00000000000001100000000001000111000000001000000001000000010000000100000010000000100010000110
00000011000000000010000000001100001000000001000000001000000010000000100000010000001000100011
00000000000000000000000000000000000000000000000000000000000000000000000000000000000000000000
01111101010101010100111100100100110110110110111011011011011011001001001001001101010101011111
00000000000000000000000000000000000000000000000000000000000000000000000000000000000000000000
01111101010101010100111100100100110110110110111011011011011011001001001001001101010101011111
00000000000000000000000000000000000000000000000000000000000000000000000000000000000000000000
00000000011100000001000010000000001000001000000000010000001000000010000000100000100000111000
00000000000111000000001000010000000001000001000000000010000001100000010000000010001000001100
00000000000001100000000001000111000000001000000001000000010000000100000010000000100010000110
00000011000000000010000000001100001000000001000000001000000010000000100000010000001000100011
01111101010101010100111100100100110110110110111011011011011011001001001001001101010101011111
00000000000000000000000000000000000000000000000000000000000000000000000000000000000000000000
01111101010101010100111100100100110110110110111011011011011011001001001001001101010101011111
00000000000000000000000000000000000000000000000000000000000000000000000000000000000000000000
01111101010101010100111100100100110110110110111011011011011011001001001001001101010101011111
00000000000000000000000000000000000000000000000000000000000000000000000000000000000000000000
01111101010101010100111100100100110110110110111011011011011011001001001001001101010101011111
00000000000000000000000000000000000000000000000000000000000000000000000000000000000000000000
00000000011100000001000010000000001000001000000000010000001000000010000000100000100000111000
00000000000111000000001000010000000001000001000000000010000001100000010000000010001000001100
00000000000001100000000001000111000000001000000001000000010000000100000010000000100010000110
00000011000000000010000000001100001000000001000000001000000010000000100000010000001000100011
00000000000000000000000000000000000000000000000000000000000000000000000000000000000000000000
01111101010101010100111100100100110110110110111011011011011011001001001001001101010101011111
01111101010101010100111100100100110110110110111011011011011011001001001001001101010101011111
00000000000000000000000000000000000000000000000000000000000000000000000000000000000000000000
00000000011100000001000010000000001000001000000000010000001000000010000000100000100000111000
00000000000111000000001000010000000001000001000000000010000001100000010000000010001000001100
00000000000001100000000001000111000000001000000001000000010000000100000010000000100010000110
00000011000000000010000000001100001000000001000000001000000010000000100000010000001000100011
00000000000000000000000000000000000000000000000000000000000000000000000000000000000000000000
01111101010101010100111100100100110110110110111011011011011011001001001001001101010101011111
01111101010101010100111100100100110110110110111011011011011011001001001001001101010101011111
01111101010101010100111100100100110110110110111011011011011011001001001001001101010101011111
01111101010101010100111100100100110110110110111011011011011011001001001001001101010101011111
00000000000000000000000000000000000000000000000000000000000000000000000000000000000000000000
