01000000000000000000000000000001001001001001000000000000000000000000000000000000000000010000
00000000000000000000000000000001001001001001000011011011011011000000000000000000000000000000
01000000000000000000000000000001001001001001000011011011011011000000000000000000000000011111
00000000000000001001001001001001001001001001000010010010010010000000000000000000000000000000
00000000000000000000000000000000000000000000000000000000000000000000000000000000000000011110
00000000000000000000000000000000000000000000000000000000000000000000000000000000000000000000
00000000000000000000000000000000000000000000000000000000000000000000000000000000000000000000
01000000000000000000000000000000000000000000000000000000000000000000000000000000000000000000
00001000000000000000000000000000000000000000000000000000000000000000000000000000000000000000
00000000000100000000000000000000000000000000000000000000000000000000000000000000000000000000
00000000000000000000000100000000000000000000000000000000000000000000000000000000000000000000
00000000000000000000000000000000000000100000000000000000000000000000000000000000000000000000
00000000000000000000000000000000000000000000000000000001000000000000000000000000000000000000
00000000000000000000000000000000000000000000000000000000000000000000001000000000000000000000
00000000000000000000000000000000000000000000000000000000000000000000000000000000000100000000
00000000000000000000000000000000000000000000000000000000000000000000000100000000000000000000
00000000000000000000000000000000000000000000000000000000100000000000000000000000000000000000
00000000000000000000000000000000000000000000000000000000010000000000000000000000000000000000
00000000000000000000000000000000000000000000000000000000001000000000000000000000000000000000
00000000000000000000000000000000000000000000000000000000000100000000000000000000000000000000
00000000000000000000000000000000000000000000000000000000000010000000000000000000000000000000
00000000000000000000000000000000000000000010000000000000000000000000000000000000000000000000
00000000000000000000000000010000000000000000000000000000000000000000000000000000000000000000
00000000000000100000000000000000000000000000000000000000000000000000000000000000000000000000
00000100000000000000000000000000000000000000000000000000000000000000000000000000000000000000
01000000000000000000000000000000000000000000000000000000000000000000000000000000000000000000
01000000000000000000000000000000000000000000000000000000000000000000000000000000000000000000
00111100000000010000000000000000000000000000000000000000000000000000000000000000000000000000
01000000000000000000000000000000000000000000000000000000000000000000000000000000000000000000
00111100000000010000000000000000000000000000000000000000000000000000000000000000000000000000
00000000000000000000000000000000000000000000000000000000000000000000000000000000000000000000
00000000000000000000000000000000000000000000000000000000000000000000000000000000000000011111
00000000000000000000000000000000000000000000000000000000000000000000000000000111111111111111
00000000000000000000000000000000000000000000000000000000000000000000000000000111111111100000
00000000000000000000000000000000000000000000000000000000000000000000000000000111111111111111
00000000000000000000000000000000000000000000000000000000000000000000000000000111111111100000
00000000000000001000000000000010100000000000010011000000000000000000000000000000000000000000
00000000000000000000000000000001000000000000000000000000000000000000000000000000000000000000
00000000000000001000000000000010100000000000010011000000000000000000000000000000000000000000
00000000000000000110000000000000101000000000000000110000000000000000000000000000000000000000
00000000000000000110000000000000101000000000000000110000000000000000000000000000000000000000
00000000000000000000000000000000010000000000000000000000000000000000000000000000000000000000
00000000000000000110000000000000101000000000000000110000000000000000000000000000000000000000
00000000000000000000000000000000010000000000000000000000000000000000000000000000000000000000
00000000000000000110000000000000101000000000000000110000000000000000000000000000000000000000
00000000000000000001100000000000001010000000000000001100000000000000000000000000000000000000
00000000000000000000000000000000000100000000000000000000000000000000000000000000000000000000
00000000000000000001100000000000001010000000000000001100000000000000000000000000000000000000
00000000000000000000000000000000000100000000000000000000000000000000000000000000000000000000
00000000000000000001100000000000001010000000000000001100000000000000000000000000000000000000
00000000000000000000011000000000000010100000000000000011000000000000000000000000000000000000
00000000000000000000011000000000000010100000000000000011000000000000000000000000000000000000
00000000000000000000000000000000000001000000000000000000000000000000000000000000000000000000
00000000000000000000011000000000000010100000000000000011000000000000000000000000000000000000
00000000000000000000000000000000000001000000000000000000000000000000000000000000000000000000
00000000000000000000011000000000000010100000000000000011000000000000000000000000000000000000
00000000000000000000000110000000000000101000000000000000110000000000000000000000000000000000
00000000000000000000000000000000000000010000000000000000000000000000000000000000000000000000
00000000000000000000000110000000000000101000000000000000110000000000000000000000000000000000
00000000000000000000000000000000000000010000000000000000000000000000000000000000000000000000
00000000000000000000000000000000000000010000000000000000000000000000000000000000000000000000
00000000000000000000000110000000000000101000000000000000110000000000000000000000000000000000
00000000000000000000000001100000000000001010000000000000001100000000000000000000000000000000
00000000000000000000000001100000000000001010000000000000001100000000000000000000000000000000
00000000000000000000000000000000000000000100000000000000000000000000000000000000000000000000
00000000000000000000000001100000000000001110000000000000001100000000000000000000000000000000
00000000000000000000000001100000000000001010000000000000001100000000000000000000000000000000
00000000000000000000000000000000000000000100000000000000000000000000000000000000000000000000
00000000000000000000000001100000000000001010000000000000001100000000000000000000000000000000
00000000000000000000000000000000000000000000000000000000000000111111111110111000000000000000
00000000000000000000000000000000000000000000000000000000000000111111111100111000000000000000
00000000000000000000000000000000000000000000000000000000000000111111111100011000000000000000
00000000000000000000000000000000000000000000000000000000000000111111111100011000000000000000
00000000000000000000000000000000000000000000000000000000000000111111111100001000000000000000
00000000000000000000000000000000000000000000000000000000000000111111111100001000000000000000
00000000000000000000000000000000000000000000000000000000000000111111111100000000000000000000
00000000000000000000000000000000000000000000000000000000000000011111111100000000000000000000
00000000000000000000000000000000000000000000000000000000000000001111111100000000000000000000
00000000000000000000000000000000000000000000000000000000000000000111111100000000000000000000
00000000000000000000000000000000000000000000000000000000000000001111111100000000000000000000
00000000000000000000000000000000000000000000000000000000000000000011111100000000000000000000
00000000000000000000000000000000000000000000000000000000000000000001111100000000000000000000
00000000000000000000000000000000000000000000000000000000000000000000111100000000000000000000
00000000000000000000000000000000000000000000000000000000000000000000011100000000000000000000
00000000000000000000000000000000000000000000000000000000000000000000001100000000000000000000
00000000000000000000000000000000000000000000000000000000000000000000000100000000000000000000
00000000000000000000000000000000000000000000000000000000000000000000000000000000000000000000
00000000000000001111111111111010000000000000100000000000000000000000000000000000000000000000
00000000000000001111111111111010000000000000100000000000000000000000000000000000000000000000
00000000000000000000000000000000000000000000000000000000000000000000000000000000000000000000
00000000000000000010000000000000000000000000000000000000000000000000000000000000000000000000
00000000000000000001000000000000000000000000000000000000000000000000000000000000000000000000
00000000000000000000100000000000000000000000000000000000000000000000000000000000000000000000
00000000000000000000010000000000000000000000000000000000000000000000000000000000000000000000
00000000000000000000001000000000000000000000000000000000000000000000000000000000000000000000
00000000000000000000000100000000000000000000000000000000000000000000000000000000000000000000
00000000000000000000000010000000000000000000000000000000000000000000000000000000000000000000
00000000000000000000000001000000000000000000000000000000000000000000000000000000000000000000
00000000000000000000000000100000000000000000000000000000000000000000000000000000000000000000
00000000000000000000000000010000000000000000000000000000000000000000000000000000000000000000
00000000000000000000000000001000000000000000000000000000000000000000000000000000000000000000
00000000000000000000000000000000000000000000100000000000000000000000000000000000000000000000
00000000000000000000000000000010000000000000000000000000000000000000000000000000000000000000
00000000000000001000000000000000000000000000000000000000000000000000000000000000000000000000
00000000000000000100000000000000000000000000000000000000000000000000000000000000000000000000
00000000000000000010000000000000000000000000000000000000000000000000000000000000000000000000
00000000000000000001000000000000000000000000000000000000000000000000000000000000000000000000
00000000000000000000100000000000000000000000000000000000000000000000000000000000000000000000
00000000000000000000010000000000000000000000000000000000000000000000000000000000000000000000
00000000000000000000001000000000000000000000000000000000000000000000000000000000000000000000
00000000000000000000000100000000000000000000000000000000000000000000000000000000000000000000
00000000000000000000000010000000000000000000000000000000000000000000000000000000000000000000
00000000000000000000000000000000000000000000000000000000000000000000000000000000000000000000
00000000000000000000000000000000000000000000000000000000000000000000000000000000000000000000
