00000000000000000000000000000000001000000000000000011000000000000000000000000000000000000000
00000000000000000000000000000000001110000000000000011110000000000000000000000000000000000000
00000000000000000000000000000000001111100000000000011111100000000000000000000000000000000000
00000000000000000000000000000000001111111100000000011111111000000000000000000000000000000000
00000000000000000000000000000000001111111111000000011111111110000000000000000000000000000000
00000000000000000000000000000000001111111111011110011111111111000000000000000000000000000000
00000000000000000000000000000001111111111111011111111111111111000000000000000000000000000000
00000000000000000000000000000001111111111111011111111111111111000000000000000000000000000000
01000000000000000000000000000000000000000000000000000000000000000000000000000000000000000001
00011000010100000000011000000000000000000000000000000000000000110000000000000101000000011000
00000000000000000000000000000001111111111111011111111111111111000000000000000000000000000000
01000000000000000000000000000000000000000000000000000000000000000000000000000000000000000001
00000000000000000000000000000001111111111111011111111111111111000000000000000000000000000000
00111100000000010000000000000000000000000000000000000000000000000000000000000000000000011111
00111100000000010000000000000000000000000000000000000000000000000000000000000000000000011111
00000011111111100000000000000100000000000000000000000000000000000000000000000000000000000000
00000011111111100000000000000100000000000000000000000000000000000000000000000000000000000000
00000011111000000000000000001100000000000000000000000000000000000000000000000000000000000000
00000011111000000000000000001100000000000000000000000000000000000000000000000000000000000000
00000011111000000000000000001100000000000001000000000000000010000000000000010000000000000000
00000011111000000000000000001100000000000001000000000000000010000000000000010000000000000000
00000011111000000000000000001100000000000001000000000000000010000000000000010000000011110011
00000011111000000000000000001100000000000001000000000000000010000000000000010000000011110011
00000011111000000000000000001100000000000001000000000000000010000000000000010000000011000010
00000011111000000000000000001100000000000001000000000000000010000000000000010000000011000010
00000011111000000000000000001100000000000001000000000000000010000000000000010000000000000000
00000011111000000000000000001100000000000001000000000000000010000000000000010000000000000000
00000011111000000000000000001100000000000000000000000000000000000000000000000000000000000000
00000011111000000000000000001100000000000000000000000000000000000000000000000000000000000000
00000000000000000000000000000000000110000000000000000100000000000000000000000000000000000000
00000000000000000000000000000000001001000000000000001010000000000000000000000000000000000000
00000000000000000000000000000000010000100000000000010001000000000000000000000000000000000000
00000000000000000000000000000000100000010000000000100000100000000000000000000000000000000000
00000000000000000000000000000001000000001000000001000000010000000000000000000000000000000000
00000000000000000000000000000000000000000100010010000000001000000000000000000000000000000000
00000000000000000000000000000000000000000010001100000000000100000000000000000000000000000000
00000000000000000000000000000000000000000001000000000000000011000000000000000000000000000000
00000000000000000000000000000000000000000010001000000000000011000000000000000000000000000000
00000000000000000000000000000000000000000100010100000000000100000000000000000000000000000000
00000000000000000000000000000001000000001000000010000000001000000000000000000000000000000000
00000000000000000000000000000000100000010000000001000000010000000000000000000000000000000000
00000000000000000000000000000000010000100000000000100000100000000000000000000000000000000000
00000000000000000000000000000000001001000000000000010001000000000000000000000000000000000000
00000000000000000000000000000000000110000000000000001010000000000000000000000000000000000000
00000000000000000001010000000000001001000000000000000000000000000000000000000000000000000000
00000000000000000010001000000000010000100000000000000000000000000000000000000000000000000000
00000000000000000100000100000000100000010000000000000000000000000000000000000000000000000000
00000000000000001000000010000001000000001000000000000000000000000000000000000000000000000000
00000000000000000000000001000010000000000100010000000000000000000000000000000000000000000000
00000000000000000000000000100000000000000010101000000000000000000000000000000000000000000000
00000000000000000000000000011000000000000001000000000000000000000000000000000000000000000000
00000000000000000000000000011000000000000010001000000000000000000000000000000000000000000000
00000000000000000000000000100000000000000100110000000000000000000000000000000000000000000000
00000000000000000000000001000011000000001000000000000000000000000000000000000000000000000000
00000000000000001000000010000000100000010000000000000000000000000000000000000000000000000000
00000000000000000100000100000000010000100000000000000000000000000000000000000000000000000000
00000000000000000010001000000000001001000000000000000000000000000000000000000000000000000000
00000000000000000001010000000000000110000000000000000000000000000000000000000000000000000000
00000000000000000000100000000000000110000000000000000100000000000000000000000000000000000000
00000000010000000000100000000000001111000000000000000100000000000000000000000000001000000000
00010000010000000000100000000000011111100000000000000100000000000000000000000000001000000000
01010000010000000000100000000000111111110000000000000100000000000000000000000000001000010000
01010000010000100000100000000001111111111000000000000100000000000000000000000100001000010000
01010000010000100000100000000001111111111100010000000100000000000000000000001100001000010000
01010000010000100000100000000001111111111111011000000100000000000000000000001100001000010000
01010000010000100000100000000001111111111110011000000100000000000000000000001100001000010000
01010000010000000000100000000001111111111100010000000100000000000000000000000100001000010000
00010000010000000000100000000001111111111000000000000100000000000000000000000000001000010000
00010000010000000000100000000000111111110000000000000100000000000000000000000000001000010000
00010000010000000000100000000000011111100000000000000100000000000000000000000000001000000000
00000000010000000000100000000000001111000000000000000100000000000000000000000000001000000000
00000000000000000000100000000000000110000000000000000100000000000000000000000000000000000000
00000000000000000000000000000000000110000000000000000000000000000000000000000000000000000000
00000000000000000000000000000000001001000000000000000000000000000000000000000000000000000000
00000000000000000000000000000000010000100000000000000000000000000000000000000000000000000000
00000000000000000000000000000000100000010000000000000000000000000000000000000000000000000000
00000000000000000000000000000001000000001000000000000000000000000000000000000000000000000000
00000000000000000000000000000000000000000100010000000000000000000000000000000000000000000000
00000000000000000000000000000000000000000010001000000000000000000000000000000000000000000000
00000000000000000000000000000000000000000010001000000000000000000000000000000000000000000000
00000000000000000000000000000000000000000001000000000000000000000000000000000000000000000000
00000000000000000000000000000000000000000010001000000000000000000000000000000000000000000000
00000000000000000000000000000000000000000100010000000000000000000000000000000000000000000000
00000000000000000000000000000001000000001000000000000000000000000000000000000000000000000000
00000000000000000000000000000000100000010000000000000000000000000000000000000000000000000000
00000000000000000000000000000000010000100000000000000000000000000000000000000000000000000000
00000000000000000000000000000000001001000000000000000000000000000000000000000000000000000000
01010000010000000000100000000000000000000000000000000000000000000000000000000000000000000000
00000011111000000000000000000000000000000000000000000000000000000000000000000000000000000000
01010000010000000000100000000000000000000000000000000100000000000000000000000000001000000000
01010000010000000000100000000000000000000000000000000100000000000000000000001100001000010000
01010000010000100000100000000000000000000001000000000100000000000000000000001100001000010000
01010000010000100000100000000000000000000001000000000100000000000000000000001100001000010000
01000000000000000000000000000000000000000000000000000000000000000000000000000000000000010000
01111100010000110000000000000000000000000000000000000000000000000000000000000110000000111111
01111111111111110000000000000100000000000000000000000000000000000000000000000111111111111111
01111111111111110111101000101100000000100101000001000100000100000100100100001111111111111111
01111111111111110111101000101100000000100101000101100100000110111111111111111111111111111111
01111111111111111111111111111110000000100101100101100100000110111111111111111111111111111111
01111111111111111111111111111110101001101101110111110110100111111111111111111111111111111111
01111111111111111111111111111111111111111111111111111111111111111111111111111111111111111111
01111111111111111111111111111111111111111111111111111111111111111111111111111111111111111111
00000000000000000000000000000000000000000000000000000000000000000000000000000000000000000000
01111111111111111111111111111111111111111111111111111111111111111111111111111111111111111111
01111111111111111111111111111111111111111111111111111111111111111111111111111111111111111111
00000000000000000000000000000000000000000000000000000000000000000000000000000000000000000000
01000000000000000000000000000000000000000000000000000000000000000000000000000000000000000000
01000000000000000000000000000000000000000000000000000000000000000000000000000000000000000000
00000000000000000000000000000000000000000000000000000000000000000000000000000000000000000000
