01000000000000000000000011000000000000011100000000000000111100000000000011100000000000000000
01000000000111000000000111100000000000111110000000000000111100000000000111110000000001000000
01001100000111000000001100110000000001100011000000000001000010000000001100011000000011100001
00110000001000110000011000011000000001000001000000000011000011000000001000001100000110110011
01100000001000100000010000001000000010000000001000000010000001100000011000001110001100010010
01001100010000000000100000000100000010000000101100000100000000110000110000000010001000001100
00100000001111100001100000000010000100000000110110001100000000010000100000000001110000001100
00000000011111101111000000000111001100000000010011011000000000011111100000000001110000000000
00000010111111101110000000000101111000000000000001110000000000001111000000000000000000000000
00000000000010001111111000011010000000111110100000000000111100000000000011100000000001000000
00000000000111001111110000001010000000100010100000000001100110000000000110110000000011100000
00001100001111101111110111101010000001000001100000000001000010000000001100011100000110100001
01011100001000110000010000001001111100111110010000000010000001100000011000001100000100010011
01110000010000010000110000001101111101111111110100000110000001100000010000000010001000011110
00100010110000000001100000000110000100000000110011111011111111010000100000000011111000001100
00000011100000001011000000000011001100000000010101110111111111011111100000000001110000000000
00000001000000001110000000000001111000000000000100000111111111001111000000000000100000000000
00000000000000000000000111100000000000011100000000000000111100111111111100011000000001000000
00000000000111000000001111110000000000110110000000000001100110111111111000001000000011100000
00001100000111000000001000010000000001100011000000000001000010111111110011100100000111100001
01001100001000100000011000011000000001000001000000000010000001000000001000001011111011110011
01010000011000110000110000001100000010000000101000000010000001100000010000000101110111111110
00110010110000010000100000000100000110000000111100000100000000110000110000000101110111101100
00100011100000000001100000000010000100000000110110001100000000011001100000000001110000010011
00000001000000001111000000000011111000000000000011111000000000001111000000000001110000011111
00000000000000000000000000000000000000000000000000000000000000000000000000000111111111100000
00000000000000000000000000000000000000000000000000000000000000111111111111111000000000000000
00000000000000000000000000000000000000000000000000000000000000000000000000000111111111100000
00000000000000000000000000000000000000000000000000000000000000000000000000000000000000011111
00000000000000000000000000000000000000000000000111111111111111000000000000000000000000000000
00111100000000010000000000000000000000000000000000000000000000000000000000000000000000000000
00000011111111100000000000000100000000000000000000000000000000000000000000000000000000000000
00000000000000000000000000000000000000000000000111111111111111000000000000000000000000000000
01000000000000000000000000000000000000000000000000000000000000000000000000000000000000000000
01000000000000000000000000000000000000000000000000000000000000000000000000000000000000000000
00000011111111100000000000000100000000000000000000000000000000000000000000000000000000000000
00000000000000000000000000000000000000000000000111111111111111000000000000000000000000000000
01000000000000000000000000000000000000000000000000000000000000000000000000000000000000000000
00000000000000000000000000000001111111111111011000000000000000000000000000000000000000000000
00111100000000010000000000000000000000000000000000000000000000000000000000000000000000000000
00000000000000000000000000000000000000000000000000000000000000111111111111111000000000000000
00000000000000000000000000000000000000000000000000000000000000111111111111111000000000000000
00000000000000000000000000000001111111111111011000000000000000000000000000000000000000000000
00000000000000000000000000000000000000000000000000000000000000000000000000000111111111100000
00000000000000000000000000000001111111111111011000000000000000000000000000000000000000000000
00111100000000010000000000000000000000000000000000000000000000000000000000000000000000000000
00000000000000000000000000000000000000000000000000000000000000000000000000000111111111100000
00000000000000000000000000000000000000000000000000000000000000000000000000000111111111100000
01000000000000000000000000000000000000000000000000000000000000000000000000000000000000000000
00000000000000000000000000000000000000000000000000000000000000000000000000000111111111100000
