00000000000000000000000000000001000100001000000000000000000000000000000000000000000000000000
00000000000000000000000001000001000100000000000000000000000000000000000000000000000000000000
00000000000001001000000000000000000100000000000000000000000000000000000000000000000000000000
00000000000000101000000000000000000010000000000000000000000000000000000000000000000000000000
00000001000000000000000000000100000010000000000000000000000000000000000000000000000000000000
00000001000000000000000000000010000010000000000000000000000000000000000000000000000000000000
00000000100000000000000000000001000001000000000000000000000000000000000000000000000000000000
00000000100000000000000000000000000001000000000001000000000000000000000000000000000000000000
00000000010000000000000000000000000001000000000000000000000000000100000000000000000000000000
00000000010000000000000000000000000000100000000000000000000000000000000000000000100000000000
00000000000000000000010000000000000000100000000000000000000000000000000000000000000000000100
00000000000000000000010000000000000000100000000000000000000000000000000000000000000000000010
00000000000000000000000000000000000001010000000000000000000000000000000000000000000010000000
00000000000000000000000000000000000001010000000000000000000000000000000010000000000000000000
00000000000000000000000000000000000000010000000000000001010000000000000000000000000000000000
00000000000000000000000000000000000000001000000000000001000000000000000000000000000000000000
00000000000000000000000001000000000000001000000000000000000000000000000100000000000000000000
00000000000001000000000000000000000000001000000000000000000000000000000100000000000000000000
00000000000000100000000000000000000000000100000000000000000000000000000000000000000010000000
