01000000000000000000000000000000000000000000000000000000000000000000000000000000000000000000
00010000000000000000000000000000000000000000000000000000000000000000000000000000000000000000
00100000000000000000000000000000000000000000000000000000000000000000000000000000000000000000
00000000000000010000000000000000000000000000000000000000000000000000000000000000000000000000
00000100000000000000000000000000000000000000000000000000000000000000000000000000000000000000
00001000000000000000000000000000000000000000000000000000000000000000000000000000000000000000
00010000000000000000000000000000000000000000000000000000000000000000000000000000000000000000
00100000000000000000000000000000000000000000000000000000000000000000000000000000000000000000
00000000000000010000000000000000000000000000000000000000000000000000000000000000000000000000
00000100000000000000000000000000000000000000000000000000000000000000000000000000000000000000
00001000000000000000000000000000000000000000000000000000000000000000000000000000000000000000
00000000001000000000000000000000000000000000000000000000000000000000000000000000000000000000
00000000010000000000000000000000000000000000000000000000000000000000000000000000000000000000
00000000100000000000000000000000000000000000000000000000000000000000000000000000000000000000
00000001000000000000000000000000000000000000000000000000000000000000000000000000000000000000
00000010000000000000000000000000000000000000000000000000000000000000000000000000000000000000
00000000000000000000000000000100000000000000000000000000000000000000000000000000000000000000
00000000000000100000000000000000000000000000000000000000000000000000000000000000000000000000
00000000000001000000000000000000000000000000000000000000000000000000000000000000000000000000
00000000000010000000000000000000000000000000000000000000000000000000000000000000000000000000
00000000000100000000000000000000000000000000000000000000000000000000000000000000000000000000
00000000001000000000000000000000000000000000000000000000000000000000000000000000000000000000
00000000010000000000000000000000000000000000000000000000000000000000000000000000000000000000
00000000100000000000000000000000000000000000000000000000000000000000000000000000000000000000
00000001000000000000000000000000000000000000000000000000000000000000000000000000000000000000
00000010000000000000000000000000000000000000000000000000000000000000000000000000000000000000
00000000000000000000000000000100000000000000000000000000000000000000000000000000000000000000
00000000000000000000000000001000000000000000000000000000000000000000000000000000000000000000
00000000000000000000000000010000000000000000000000000000000000000000000000000000000000000000
00000000000000000000000000100000000000000000000000000000000000000000000000000000000000000000
00000000000000000000000001000000000000000000000000000000000000000000000000000000000000000000
00000000000000000000000010000000000000000000000000000000000000000000000000000000000000000000
00000000000000000000000100000000000000000000000000000000000000000000000000000000000000000000
00000000000000000000001000000000000000000000000000000000000000000000000000000000000000000000
00000000000000000000010000000000000000000000000000000000000000000000000000000000000000000000
00000000000000000000100000000000000000000000000000000000000000000000000000000000000000000000
00000000000000000001000000000000000000000000000000000000000000000000000000000000000000000000
00000000000000000010000000000000000000000000000000000000000000000000000000000000000000000000
00000000000000000100000000000000000000000000000000000000000000000000000000000000000000000000
00000000000000001000000000000000000000000000000000000000000000000000000000000000000000000000
00000000000000000000000000000010000000000000000000000000000000000000000000000000000000000000
00000000000000000000000000000000000000000000100000000000000000000000000000000000000000000000
00000000000000000000000000001000000000000000000000000000000000000000000000000000000000000000
00000000000000000000000000010000000000000001000000000000000000000000000000000000000000000000
00000000000000000000000000100000000000000010000000000000000000000000000000000000000000000000
00000000000000000000000001000000000000000100000000000000000000000000000000000000000000000000
00000000000000000000000010000000000000001000000000000000000000000000000000000000000000000000
00000000000000000000000100000000000000010000000000000000000000000000000000000000000000000000
00000000000000000000001000000000000000000000000000000000100000000000000000000000000000000000
00000000000000000000010000000000000000000000000000000000000000000000000100000000000000000000
00000000000000000000100000000000000000000000000000000000000000000000000000000000000100000000
00000000000000000001000000000000000000000000000000000000000000000000000000000000001000000000
00000000000000000010000000000000000000000000000000000000000000000000000000000000010000000000
00000001000000000000000000000000000000000000000000000000000000000000000000000000100000000000
00000010000000000000000000000000000000000000000000000000000000000000000000000001000000000000
00000000000000000000000000000100000000000000000000000000000000000000000000000010000000000000
00000000000000100000000000000000000000000000000000000000000000000000000000000100000000000000
00000100000000000000000000000000000000000000000000000000000000000000000000000000000000100000
01000000000000000000000000000000000000000000000000000000000000000000000000000000000001000000
00100000000000000000000000000000000000000000000000000000000000000000000000000000000010000000
00000010000000000000000000000000000000000000000000000000000000000000000000000000000100000000
00000000000000000000000000000100000000000000000000000000000000000000000000000000001000000000
00000000000000100000000000000000000000000000000000000000000000000000000000000000000000000100
00000000000001000000000000000000000000000000000000000000000000000000000000000000000000001000
00000000000010000000000000000000000000000000000000000000000000000000000000000000000000010000
00001000000000000000000000000000000000000000000000000000000000000000000000000000000000000001
01000000000000000000000000000000000000000000000000000000000000000000000000000000000000000010
00000000000000010000000000000000000000000000000000000000000000000000000000000000000000001000
01001100000011110000000000000000000000000000000000000000000000000000000000000000000000011111
01001100000011110000000000000000000000000000000000000000000000000000000000000000000000011111
01001100000011110000000000000000000000000000000000000000000000000000000000000000000000011111
01111110001111110000000011111100000000000000000000000000000000000000000000000111111111111111
01111110001111110000000011111100000000000000000000000000000000000000000000000111111111111111
01111110001111110000000011111100000000000000000000000000000000000000000000000111111111111111
01111110001111110000000011111100000000000111000000000000000000000000000000111111111111111111
01111110001111110000000011111100000000000111000000000000000110000000000000111111111111111111
01111110001111110000000011111100000000000111000000000000001111000000000000111111111111111111
01111110001111110000000011111100000000001111001100000000011111100000000001111111111111111111
01111110001111110000000011111100000000011111111110000000111111110000000011111111111111111111
01111110001111110000000111111111000000111111111111000001111111111000000111111111111111111111
01111110001111110000001111111111000001111111111111000011111111111000001111111111111111111111
01111110001111111000001111111111100001111111111111100011111111111100001111111111111111111111
01111110001111111100011111111111100011111111111111110111111111111100011111111111111111111111
01111111111111111100111111111111110011111111111111110111111111111101111111111111111111111111
01111111111111111111111111111111110111111111111111110111111111111101111111111111111111111111
01111111111111111111111111111111110111111111111111111111111111111101111111111111111111111111
01111111111111111111111111111111110111111111111111111111111111111101111111111111111111111111
01111111111111111111111111111111110111111111111111111111111111111101111111111111111111111111
01111111111111111111111111111111110111111111111111111111111111111101111111111111111111111111
01111111111111111111111111111111110111111111111111111111111111111101111111111111111111111111
01111111111111111111111111111111110111111111111111111111111111111101111111111111111111111111
01111111111111111111111111111111110111111111111111111111111111111101111111111111111111111111
01111110001111111000011111111111101001111111111111000011111111111100011111111111101111111111
00000000000000000000000000000000001000000000000000000000000000000000000000000000000000000000
00000000000000000010000000000000000000000000000000000000000000000000000000000000000000000000
00100000000000000000000000000000000000000000000000000000000000000000000000000000000000000000
01000000000000000000000000000000000000000000000000000000000000000000000000000000000000000000
01000000000000000000000000000000000000000000000000000000000000000000000000000000000000000000
01000000000000000000000000000000000000000000000000000000000000000000000000000000000000000000
