00000000000000000000000000000001000100001000000000000000000000000000000000000000000000000000
00000000000000000000000001000001000100000000000000000000000000000000000000000000000000000000
00000000000001001000000000000000000100000000000000000000000000000000000000000000000000000000
00000000000000101000000000000000000010000000000000000000000000000000000000000000000000000000
00000001000000000000000000000100000010000000000000000000000000000000000000000000000000000000
00000001000000000000000000000010000010000000000000000000000000000000000000000000000000000000
00000000100000000000000000000001000001000000000000000000000000000000000000000000000000000000
00000000100000000000000000000000000001000000000001000000000000000000000000000000000000000000
00000000010000000000000000000000000001000000000000000000000000000100000000000000000000000000
00000000010000000000000000000000000000100000000000000000000000000000000000000000100000000000
00000000000000000000010000000000000000100000000000000000000000000000000000000000000000000100
00000000000000000000010000000000000000100000000000000000000000000000000000000000000000000010
00000000000000000000000000000000000001010000000000000000000000000000000000000000000010000000
00000000000000000000000000000000000001010000000000000000000000000000000010000000000000000000
00000000000000000000000000000000000000010000000000000001010000000000000000000000000000000000
00000000000000000000000000000000000000001000000000000001000000000000000000000000000000000000
00000000000000000000000001000000000000001000000000000000000000000000000100000000000000000000
00000000000001000000000000000000000000001000000000000000000000000000000100000000000000000000
00000000000000100000000000000000000000000100000000000000000000000000000000000000000010000000
00000000000000000000000000000100000000000100000000000000000000000000000000000000000010000000
00000000000000000000000000000010000000000100000000000000000000000000000000000000000000000001
00000000000000000000000000000001000000000010000000000000000000000000000000000000000000000001
00000000000000000000000000000000000000000010000001000000000000000000000000000000000000010000
00000000000000000000000000000000000000000010000000000000000000000100000000000000000000010000
00000000000000000000000000000000000000000001000000000000000000000000000000000010100000000000
00000000000000000000000000000000000000000001000000000000000000000000000000000010000000000100
00000000000000000000000000000000000000000001000000000000000000010000000000000000000000000010
00000000000000000000000000000000000000000000001000000000000000010000000000000000000010000000
00000000000000000000000000000000000000000000001010000000000000000000000010000000000000000000
00000000000000000000000000000000000000000000001010000000010000000000000000000000000000000000
00000000000000000000000000000001000000001000010000000000000000000000000000000000000000000000
00000000000000000000000001000001000000000000010000000000000000000000000000000000000000000000
00000000000001001000000000000000000000000000010000000000000000000000000000000000000000000000
00000000000000101000000000000001000000000000000000000000000000000000000000000000000000000000
00000001000000000000000000000101000000000000000000000000000000000000000000000000000000000000
00000001000000000000000000000011000000000000000000000000000000000000000000000000000000000000
00000000100000000000000000000001100000000000000000000000000000000000000000000000000000000000
00000000100000000000000000000000100000000000000001000000000000000000000000000000000000000000
00000000010000000000000000000000100000000000000000000000000000000100000000000000000000000000
00000000010000000000000000000000010000000000000000000000000000000000000000000000100000000000
00000000000000000000010000000000010000000000000000000000000000000000000000000000000000000100
00000000000000000000010000000000010000000000000000000000000000000000000000000000000000000010
00000000000000000000000000000000001001000000000000000000000000000000000000000000000010000000
00000000000000000000000000000000001001000000000000000000000000000000000010000000000000000000
00000000000000000000000000000000001000000000000000000001010000000000000000000000000000000000
00000000000000000000000000000000000100001000000000000001000000000000000000000000000000000000
00000000000000000000000001000000000100000000000000000000000000000000000100000000000000000000
00000000000001000000000000000000000100000000000000000000000000000000000100000000000000000000
00000000000000100000000000000000000010000000000000000000000000000000000000000000000010000000
00000000000000000000000000000100000010000000000000000000000000000000000000000000000010000000
00000000000000000000000000000010000010000000000000000000000000000000000000000000000000000001
00000000000000000000000000000001000001000000000000000000000000000000000000000000000000000001
00000000000000000000000000000000000001000000000001000000000000000000000000000000000000010000
00000000000000000000000000000000000001000000000000000000000000000100000000000000000000010000
00000000000000000000000000000000000000100000000000000000000000000000000000000010100000000000
00000000000000000000000000000000000000100000000000000000000000000000000000000010000000000100
00000000000000000000000000000000000000100000000000000000000000010000000000000000000000000010
00000000000000000000000000000000000000010000000000000000000000010000000000000000000010000000
00000000000000000000000000000000000000010000000010000000000000000000000010000000000000000000
00000000000000000000000000000000000000010000000010000000010000000000000000000000000000000000
00000000000000000000000000000001000000001000000000000000000000000000000000000000000000000000
00000000000000000000000001000001000000001000000000000000000000000000000000000000000000000000
00000000000001001000000000000000000000001000000000000000000000000000000000000000000000000000
00000000000000101000000000000000000000000100000000000000000000000000000000000000000000000000
00000001000000000000000000000100000000000100000000000000000000000000000000000000000000000000
00000001000000000000000000000010000000000100000000000000000000000000000000000000000000000000
00000000100000000000000000000001000000000010000000000000000000000000000000000000000000000000
00000000100000000000000000000000000000000010000001000000000000000000000000000000000000000000
00000000010000000000000000000000000000000010000000000000000000000100000000000000000000000000
00000000010000000000000000000000000000000001000000000000000000000000000000000000100000000000
00000000000000000000010000000000000000000001000000000000000000000000000000000000000000000100
00000000000000000000010000000000000000000001000000000000000000000000000000000000000000000010
00000000000000000000000000000000000001000000001000000000000000000000000000000000000010000000
00000000000000000000000000000000000001000000001000000000000000000000000010000000000000000000
00000000000000000000000000000000000000000000001000000001010000000000000000000000000000000000
00000000000000000000000000000000000000001000010000000001000000000000000000000000000000000000
00000000000000000000000001000000000000000000010000000000000000000000000100000000000000000000
00000000000001000000000000000000000000000000010000000000000000000000000100000000000000000000
00000000000000100000000000000001000000000000000000000000000000000000000000000000000010000000
00000000000000000000000000000101000000000000000000000000000000000000000000000000000010000000
00000000000000000000000000000011000000000000000000000000000000000000000000000000000000000001
00000000000000000000000000000001100000000000000000000000000000000000000000000000000000000001
00000000000000000000000000000000100000000000000001000000000000000000000000000000000000010000
00000000000000000000000000000000100000000000000000000000000000000100000000000000000000010000
00000000000000000000000000000000010000000000000000000000000000000000000000000010100000000000
00000000000000000000000000000000010000000000000000000000000000000000000000000010000000000100
00000000000000000000000000000000010000000000000000000000000000010000000000000000000000000010
00000000000000000000000000000000001000000000000000000000000000010000000000000000000010000000
00000000000000000000000000000000001000000000000010000000000000000000000010000000000000000000
00000000000000000000000000000000001000000000000010000000010000000000000000000000000000000000
00000000000000000000000000000001000100001000000000000000000000000000000000000000000000000000
00000000000000000000000001000001000100000000000000000000000000000000000000000000000000000000
00000000000001001000000000000000000100000000000000000000000000000000000000000000000000000000
00000000000000101000000000000000000010000000000000000000000000000000000000000000000000000000
00000001000000000000000000000100000010000000000000000000000000000000000000000000000000000000
00000001000000000000000000000010000010000000000000000000000000000000000000000000000000000000
00000000100000000000000000000001000001000000000000000000000000000000000000000000000000000000
00000000100000000000000000000000000001000000000001000000000000000000000000000000000000000000
00000000010000000000000000000000000001000000000000000000000000000100000000000000000000000000
00000000010000000000000000000000000000100000000000000000000000000000000000000000100000000000
00000000000000000000000000000000000000000000000000000000000000000000000000000000000000000000
00000000010000000000000000000000000000100000000000000000000000000000000000000000100000000000
00000000000000000000000000000000000000000000000000000000000000000000000000000000000000000000
00000000000000000000010000000000000000010000000000000000000000000000000000000000000000000100
00000000000000000000010000000000000001011000000000000000000000000000000000000000000000000110
00000000000000000000010000000000000001011100000000000001000000000000000000000000000010000110
00000000000000000000010000000000000001011110000000000001000000000000000110000000000010000110
00000000000000000000010000000000000001011111000000000001010000000000000110000000000010000110
00000000000000000000010000000000000001011111001000000001010000000000000110000000000010000111
00000000000000000000010001000000000001011111011000000001010000000000000110000000000010010111
00000000000001000000010001000001000001011111011000000001010000000000000110000010000010010111
00000000000001100000010001000001100001011111011000000001010000010000000110000010000010010111
00000000000001100000010001000101110001011111011010000001010000010000000110000010000010010111
00000000000001100000010001000111111001011111011010000001010000010000000110000010000010010111
00000000000001101000010001000111111101011111011010000001010000010000000110000010000010010111
00000001000001101000010001000111111111011111011011000001010000010000000110000010000010010111
00000001100001101000010001000111111111011111011011000001010000010100000110000010000010010111
00000001110001101000010001000111111111111111011011000001010000010100000110000010100010010111
00000001110001101000010001000111111111111111011011000001010000010100000110000010100010010111
00000001110001101000010001000111111111111111011011000001010000010100000110000010100010010111
