00000000000000000000000000000100000000000000000000000000000000000000000000000000000000000000
00000000000000000000000000001110000000000000100000000000000000000000000000000000000000000000
00000000000000000000000000001110000000000000011000000000000000000000000000000000000000000000
00000000000000000000000000001111000000000001000110000000000001000000000000000000000000000000
00000000000000000000000000001111000000000001000001000000000010111000000000001000000000000000
00000000000000000000000000001111000000000001000001000000000010000100000000010111000000000000
00000000000000000000000000001111000000000001000001000000000010000100000000010000100000111000
00000000000000000000000000001111000000000001000001000000000010000110000000010000010000100101
00000000000000000000000000001111000000000001000001000000000010000110000000110000011111000000
00000000000000000000000000001111000000000001000001000000000010000110000000110000011111000000
00000000000000001000000000011110100000000010000000100000000100000010000000100000011111000000
00000011000000000100000000111100010000000100000000010000001000000001111111000000000000000000
00000011000001100010000001000100001000001000000000001111110000000000000000000000000000000000
00000011000001100011000011000100000111110000000000000000000000000000000000000000000000000000
00000011000001100011111111000100000000000000000000000000000000000000000000000000000000000000
00000011111111100000000000000100000000000000000000000000000000000000000000000000000000000000
00111110000000100000000000000100000000000000000000000000000000000000000000000000000000000000
00111100000000010000000000000000000000000000000000000000000000000000000000000000000000000000
01100100000000010000000000000000000000000000000000000000000000000000000000000000000000000000
01000100000000010000000000000000000000000000000000000000000000000000000000000000000000000000
00000000000000010000000000000000000000000000000000000000000000000000000000000000000000000000
