00000000000000000000000000000000001000010000000000010000100000000010000100000000000000000000
00000000000000000001000010000000001000010000000000010000100000000000000000000000000000000000
00000000010010000001000010000000001000010000000000000000000000000000000000000000000000000000
00000000010011000001010010000000000000000000000000000000000000000000000000000000000000000000
00000000010011000000010000010000000001000000000000000000000000000000000000000000000000000000
00000000000001000000010000010000000001000001000000000001000000000000000000000000000000000000
00000000000000000000000000010000000001000001000000000001000001000000000100000000000000000000
00000000000000000000000000000000000000000001000000000001100001100000000100000000000000000000
00000000000000000000000000000000000000010000000100000000100001100000000100000000000000000000
00000000000000000000000010000000000000010000010100000000100000100000000000000000000000000000
00000000000010000000000010000010000000010000010100000000000000000000000000000000000000000000
00000010000011000000000010000010000000000000010000000000000000000000000000000000000000000000
00000011000011000000000000010010000000000000000000000000000000000000000000000000000000000000
00000011000001000010000000010000000000000001000000000000000000000000000000000000000000000000
00000001000000000010000000010000001000000001000000000000000001000000000000000000000000000000
00000000000000000010000000000000001000000001000000001000000001100000000000000000000000000000
00000000000000000000000000000000001000000000000100001000000001100000100000000000000000000000
00000000000000000000000000000000000000000000010100001100000000100000100000000000000000000000
00000000000000000000000000000010000010000000010100000100000000000000100000000000000000000000
00000010000000000000010000000010000010000000010000000100000000000000000000000000000000000000
00000011001000000000010000000010000010000000000000000000000000000000000000000000000000000000
00000011001100000010010000000000000000000000000000000000000000000000000000000000000000000000
00000001001100000010000010000000001000000000000000000000000000000000000000000000000000000000
00000000000100000010000010000000001000001000000000001000000000000000000000000000000000000000
00000000000000000000000010000000001000001000000000001000001000000000100000000000000000000000
00000000000000000000000000000000000000001000000000001100001000000000100000100000000000000000
00000000000000000000000000000000000010000000000000000100001100000000100000100000000000000000
00000000000000000000010000000000000010000010000000000100000100000000000000100000000000000000
00000000001000000000010000010000000010000010000000000000000100000000000000000000000000000000
00000000001100100000010000010000000000000010000000000000000000000000000000000000000000000000
00000000001100100000000010010100000000000000000000000000000000000000000000000000000000000000
00000000000100100000000010000110000000001000000000000000000000000000000000000000000000000000
00000000000000000000000010000111000000001000000000000000001000000000000000000000000000000000
00000000000000000000000000000011000000001000000001000000001000000000000000100000000000000000
00000000000000000000000000000001000000000000000001000000001100000100000000100000000000000000
00000000000000000000000000000000000000000010000001100000000100000100000000100000000000000000
00000000000000000000000000010000010000000010000000100000000100000100000000000000000000000000
00000000000000100010000000010000010000000010000000100000000000000000000000000000000000000000
00000000100000100010000000010100010000000000000000000000000000000000000000000000000000000000
00000000110000100010000000000110000000000000000000000000000000000000000000000000000000000000
00000000110000000000010000000111000000000000000000000000000000000000000000000000000000000000
00000000010000000000010000000011000001000000000001000000000000000000000000000000000000000000
00000000000000000000010000000001000001000000000001000001000000000100000000000000000000000000
