00000000000000000000000000000000000100000000000000000000000000000000000000000000000000000000
00000000000000000000000000000000001100000000000000000000000000000000000000000000000000000000
00000000000000000000000000000000011100000000000000000000000000000000000000000000000000000000
00000000000000000000100000000000111000000000000000000100000000000000000000000000000000000000
00000000000000000000110000000001110000000000000000000110000000000000000000000000000000000000
00000000000000000000111000000001100000000000010000000111000000000000000000000000000000000000
00000000100000000000011100000001000000000000011000000011100000000000000000000000000000000000
00000001100000000000001110000000000000000001011000000001110000000000000000000000000000000000
01000011100000000000000111000000000000000011001000000000111000000000000000000000000000000000
00000111000000000000000011100100000000000111000000000000011100000000000000000000000000000000
01001010000000100000000001110100000000001110000000000000001110000000000000000000000000000000
00010000000001100000000000111100000000011100000000000000000111000000000000000000000000000000
01100000000011100000000000011000000000111000100100000000000011000000000000000000000000000000
00000000000111010000000000001010000001110000100110000000000001000000000000000000000000000000
01000100001110001000000000000010000011100000100111000000000000000000000000000000000000000000
00001100011100001100000000000010000111100000000011100000000000000000000000000000000000000000
01011000111000001110000000000000001111000000000001110000000000000000000000000000000000000000
00110000110000000111000000000000011110000000000000111000000000000000000000000000000000000000
01100001100000010111100000000000111100000000000000111100000000000000000000000000000000000000
00000111000000010011110000000001111000000000000000011110000000000000000000000000000000000000
01001110000000010001111000000101110000000000010000001111000000000000000000000000000000000000
00011100000000100000111100000101100000000000011000000111100000000000000000000000000000000000
01111000000001100000011110000001000000000001011000000011110000000000000000000000000000000000
00110000000011010000001111000000000000000011011000000001111000000000000000000000000000000000
01100100000110010000000111100000000000000111001000000000111100000000000000000000000000000000
00101100001100010000000011110000000000001111000000000000011110000000000000000000000000000000
01011100011000010000000001111000000000011110000000000000001111000000000000000000000000000000
00111100110000000000000000111000000000111100100100000000000111000000000000000000000000000000
01111000100000010000000000011010000001111000100110000000000011000000000000000000000000000000
00110101000000011000000000001010000011110000100111000000000001000000000000000000000000000000
01111110000000011100000000000010000111110000100111100000000000000000000000000000000000000000
00011100000000011110000000000110001111100000000011110000000000000000000000000000000000000000
01111100000000101111000000000000011111000000000001111000000000000000000000000000000000000000
00111000000001011111100000000000111110000000000001111100000000000000000000000000000000000000
01110100000010010111110000000001111100000000000000111110000000000000000000000000000000000000
00100100000100010011111000000001111000000000010000011111000000000000000000000000000000000000
01001100001000010001111100000001110000000000011000001111100000000000000000000000000000000000
00011100010000000000111110000001100000000001011000000111110000000000000000000000000000000000
01111000100000000000011111000001000000000011011000000011111000000000000000000000000000000000
00110001100000010000001111100000000000000111011000000001111100000000000000000000000000000000
01100111000000010000000111110000000000001111001000000000111110000000000000000000000000000000
00000110000000010000000011111100000000011111000000000000011111000000000000000000000000000000
01001100000000100000000001111100000000111110100100000000001111000000000000000000000000000000
00011000000001100000000000111010000001111100100110000000000111000000000000000000000000000000
01110000000011001000000000011010000011111000100111000000000011000000000000000000000000000000
00100000000110011100000000001010000111110000100111100000000001000000000000000000000000000000
01000100001100011110000000000010000111100000100111110000000000000000000000000000000000000000
00000100011000001111000000000010001111000000000011111000000000000000000000000000000000000000
01001000110000001111100000000000011110000000000001111100000000000000000000000000000000000000
00010001110000000111100000000000111100000000000000111100000000000000000000000000000000000000
01100011100000000011110000000001111000000000000000011110000000000000000000000000000000000000
00000011000000010001111000000101110000000000010000001111000000000000000000000000000000000000
01001010000000100000111100000101100000000000011000000111100000000000000000000000000000000000
00100000000001100000011110000101000000000001011000000011110000000000000000000000000000000000
01000100000011100000001111000000000000000011011000000001111000000000000000000000000000000000
00100000000111000000000111100000000000000111001000000000111100000000000000000000000000000000
01001000001110000000000011110000000000001111000000000000011110000000000000000000000000000000
00000000011100010000000001111000000000011110000000000000001111000000000000000000000000000000
01010000111000000000000000111000000000111100100100000000000111000000000000000000000000000000
00000100110000000000000000011010000001111000100110000000000011000000000000000000000000000000
01000001100000001000000000001010000011110000100111000000000001000000000000000000000000000000
00001011000000001100000000000010000111100000100111100000000000000000000000000000000000000000
01000010000000001110000000000110000111000000000011110000000000000000000000000000000000000000
00010000000000101111000000000100001110000000000001111000000000000000000000000000000000000000
01000000000001100111100000000000011100000000000000111100000000000000000000000000000000000000
00100000000011000011100000000000111000000000000000011100000000000000000000000000000000000000
01000000000110000001110000000001110000000000000000001110000000000000000000000000000000000000
00000000001100010000111000000001100000000000010000000111000000000000000000000000000000000000
01000100011000000000011100000001000000000000011000000011100000000000000000000000000000000000
00000000110000000000001110000000000000000001011000000001110000000000000000000000000000000000
01001000100000000000000111000000000000000011001000000000111000000000000000000000000000000000
00000001000000000000000011100000000000000111000000000000011100000000000000000000000000000000
01010010000000000000000001110000000000001110000000000000001110000000000000000000000000000000
00000000000000000000000000111100000000011100000000000000000111000000000000000000000000000000
01100000000000100000000000011000000000111000100100000000000011000000000000000000000000000000
00000000000001000000000000001010000001110000100110000000000001000000000000000000000000000000
01000000000010011000000000000010000011100000100111000000000000000000000000000000000000000000
00111100000100011100000000000010000111000000000011100000000000000000000000000000000000000000
01000000001000001110000000000000000110000000000001110000000000000000000000000000000000000000
00111100010000010111000000000000000100000000000000111000000000000000000000000000000000000000
01000000100000000011100000000000000000000000000000011100000000000000000000000000000000000000
00000000000000000001100000000000000000000000000000001100000000000000000000000000000000000000
01000000000000000000100000000000000000000000000000000100000000000000000000000000000000000000
00000000000000000000000000000000000000000000000000000000000000000000000000000000000000000000
