00000000000000000100000000000000000000000000000000000000000000000000000000000000000000000000
00000001000000001010000000000000110000000000000000000000000000000000000000000000000000000000
00100010100000000001000000000011001000000000000001110000000000000000000000000000000000000000
01010000010000010000100000000100000100000000110010001000000000001111000000000000000000000000
00001100001000100000010000001000000010000000001100000100000000010000100000000001110000000000
00000000000111000000001000010000000001000001000000000010000001100000010000000010001000001100
00000000000000000000000111100000000000100010000000000001000010000000001000001100000100010010
00000000000000000000000000000000000000011100000000000000100100000000000100010000000010100001
00000000000000000000000000000000000000000000000000000000011000000000000010100000000001000000
00000000000000000000000000000000000000000000000000000000000000000000000001000000000000000000
