01000000000000000000000000000000000000000000000000000000000000000000000000000000000000000000
00111100000000010000000000000000000000000000000000000000000000000000000000000000000000011111
00000011111111100000000000000100000000000000000000000000000000000000000000000111111111100000
00000000000000001111111111111010000000000000100000000000000000111111111111111000000000000000
00000000000000000000000000000001111111111111011111111111111111000000000000000000000000000000
00000000000000000010100100100000011110110110111010101011011011001100001001001000000000000000
00000000000000000001001001001000001101101101001100010110110110010010010010010000000000000000
00000000000000000000100110010000000110101011000000001011001101100001001000100000000000000000
00000000000000000000010000100000000011010110000000000101111010000000100101001000000000000000
00000000000110000000001001000000000001010100000000000010110100000000010101010000000000000000
00001000001011000000010000100000000010000010000000000100000010000000100010001100010011011100
00001000001011000000010000100000000010000010000000000100000010000000100010001100010011011100
