01111100000000010000000000000000000000000000000000000000000000000000000000000000000000011111
01111101010101010000000000000100000000000000000000000000000000000000000000000101010101011111
00111111111111110000000000000100000000000000000000000000000000000000000000000111111111111111
00000011111111101111111111111110000000000000100000000000000000111111111111111111111111100000
00000000000000001111111111111011111111111111111111111111111111111111111111111000000000000000
00000000000000000101010101010011111111111111011111111111111111101010101010110000000000000000
00000000000000000000000000000001111111111111011111111111111111000000000000000000000000000000
00000000000000000000000000000001111111111111011111111111111111000000000000000000000000000000
00000000000000000000000000000001101101101101001101101101101101000000000000000000000000000000
00000000000000000000000000000000110110110110011101101101101101000000000000000000000000000000
00000000000000000000000000000000110110110110011110110110110110000000000000000000000000000000
00000000000000000000000000000001011011011011010110110110110110000000000000000000000000000000
00000000000000000000000000000001011011011011010011011011011011000000000000000000000000000000
00000000000000000000000000000001101101101101001011011011011011000000000000000000000000000000
00000000000000000000000000000001101101101101001101101101101101000000000000000000000000000000
00000000000000000000000000000000110110110110011101101101101101000000000000000000000000000000
00000000000000000000000000000000110110110110011110110110110110000000000000000000000000000000
00000000000000000000000000000001011011011011010110110110110110000000000000000000000000000000
00000000000000000000000000000001011011011011010011011011011011000000000000000000000000000000
00000000000000000000000000000001101101101101001011011011011011000000000000000000000000000000
00000000000000000000000000000001101101101101001101101101101101000000000000000000000000000000
00000000000000000000000000000000110110110110011110110110110110000000000000000000000000000000
00000000000000000000000000000000110110110110011110110110110110000000000000000000000000000000
00000000000000000000000000000000010010010010010110110110110110000000000000000000000000000000
00000000000000000000000000000000010010010010010010010010010010000000000000000000000000000000
00000000000000000000000000000000010010010010010010010010010010000000000000000000000000000000
00000000000000000100100100100000010010010010110010010010010010001001001001001000000000000000
00000001010101000100100100100100010010010010110010010010010010001001001001001101010101000000
00000001010101000100100100100100010010010010110010010010010010001001001001001101010101000000
00111101010101010100100100100100010010010010110010010010010010001001001001001101010101011111
00111110101010110010010010010011001001001001000001001001001001100100100100100010101010111111
00111101010101011001001001001100100100100100001100100100100100010010010010010101010101011111
00111101010101010100100100100100010010010010110010010010010010001001001001001101010101011111
00111110101010110010010010010011001001001001000001001001001001100100100100100010101010111111
00111101010101011001001001001100100100100100001100100100100100010010010010010101010101011111
00111101010101010100100100100100010010010010110010010010010010001001001001001101010101011111
00111110101010110010010010010011001001001001000001001001001001100100100100100010101010111111
00111101010101011001001001001100100100100100001100100100100100110010010010010101010101011111
00111101010101010100100100100100010010010010110010010010010010001001001001001101010101011111
00111110101010110010010010010011001001001001000001001001001001100100100100100010101010111111
00111101010101011001001001001100100100100100001100100100100100110010010010010101010101011111
