01000000000000000000000000000000000000000000000000000000000000000000000000000000000000000000
00111100000000010000000000000000000000000000000000000000000000000000000000000000000000011111
00000011111111100000000000000100000000000000000000000000000000000000000000000111111111100000
00000000000000001111111111111010000000000000100000000000000000111111111111111000000000000000
00000000000000000000000000000001111111111111011111111111111111000000000000000000000000000000
00000000000000000010100100100000011110110110111010101011011011001100001001001000000000000000
00000000000000000001001001001000001101101101001100010110110110010010010010010000000000000000
00000000000000000000100110010000000110101011000000001011001101100001001000100000000000000000
00000000000000000000010000100000000011010110000000000101111010000000100101001000000000000000
00000000000110000000001001000000000001010100000000000010110100000000010101010000000000000000
00001000001011000000010000100000000010000010000000000100000010000000100010001100010011011100
01010100010000100000100000010000000100000001000000001001100001100001000110000011110010000000
00100000100000010001010000001100001001100000001100010001100000011110000110000000000000000000
00000011011000000010011000000010010001100000010011100001100000000000000100000000000000000000
00010011011000001100011000000011110001100000010011100001100000000000000100000000000000000000
00110010111000001010011000000001100001100000000000000001100000000000000000000000000000000000
00110010111000000010011000000010010001100000000001000001000000000000000000000000000000000000
00110010111000000010011000000010010001100000010100100010100000000100000000000000000000000000
00110010111000000010011000000010010001100000010100100010100000100100010010000100100000000100
00110110111001000010011000000010010001100000010100100010100000100100010010000100101001100100
00100110110001000010010000100010010001100110010100100010100100100100010010000100101001100100
00000001110000001010010001110001010011001111000010100101010101010010100100000010010010010001
00000001110000001001110000101001001101000111001110011001001010010001000100000010000010010001
00000000000000000111100000010000101110000011111011000010000101001000001000000001000100001010
00000000000000000111100000010000101110000011111011000010000101001000001000000001000100001010
