01000000000000000000000000000000000000000000000000000000000000000000000000000000000000000000
01111111111111110000000000000100000000000000000000000000000000000000000000000000000000000000
01111111111111111111111111111110000000000000100000000000000000000000000000000000000000000000
01111111111111111111111111111111111111111111111111111111111111000000000000000000000000000000
01111111111111111111111111111111111111111111111111111111111111111111111111111111111111100000
01111111111111111111111111111111111111111111111111111111111111111111111111111111111111111111
00000000000000000000000000000000000100000000000000000000000000000000000000000000000000000000
00000000000000000000000000000000000100000000000000000000000000000000000000000000000000000000
00000000000000000000000000000000000110000000000000000000000000000000000000000000000000000000
00000000000000000000000000000000000111000000000000000000000000000000000000000000000000000000
00000000000000000000000000000000000111100000000000000000000000000000000000000000000000000000
00000000000000000000000000000000000111110000000000000000000000000000000000000000000000000000
00000000000000000000000000000000000111111000000000000000000000000000000000000000000000000000
00000000000000000000000000000000000111111100000000000000000000000000000000000000000000000000
00000000000000000000000000000000000111111111000000000000000000000000000000000000000000000000
00000000000000000000000000000000000111111111001000000000000000000000000000000000000000000000
00000000000000000000000000000000000111111111011000000000000000000000000000000000000000000000
00000000000000000000000000000001000111111111011000000000000000000000000000000000000000000000
00000000000000000000000000000001100111111111011000000000000000000000000000000000000000000000
00000000000000000000000000000001110111111111011000000000000000000000000000000000000000000000
00000000000000000000000000000001111111111111011000000000000000000000000000000000000000000000
00000000000000000000000000000001111011111111011000000000000000000000000000000000000000000000
00000000000000000000000000000001111001111111011000000000000000000000000000000000000000000000
00000000000000000000000000000001111000111111011000000000000000000000000000000000000000000000
00000000000000000000000000000001111000011111011000000000000000000000000000000000000000000000
00000000000000000000000000000001111000001111011000000000000000000000000000000000000000000000
00000000000000000000000000000001111000000011011000000000000000000000000000000000000000000000
00000000000000000000000000000001111000000001011000000000000000000000000000000000000000000000
00000000000000000000000000000001111000000000011000000000000000000000000000000000000000000000
00000000000000000000000000000001111000000000010000000000000000000000000000000000000000000000
00000000000000000000000000000001111000000000000000000000000000000000000000000000000000000000
00000000000000000000000000000000111000000000000000000000000000000000000000000000000000000000
00000000000000000000000000000000011000000000000000000000000000000000000000000000000000000000
00000000000000000000000000000000001000000000000000000000000000000000000000000000000000000000
00000000000000000000000000000000000000000000000000000000000000000000000000000000000000000000
00000000000000000000000000000000000000000000000000000000000000000000000000100000000000000000
00000000000000000000000000000000000000000000000000000000000100000000000000100000000000000000
00000000000000000000000000000000000000000010000000000000000100000000000000100000000000000000
00000000000000000000000000010000000000000010000000000000000100000000000000100000000000000000
00000000000000100000000000010000000000000010000000000000000100000000000000100000000000000000
00000000000000100000000000011000000000000010000000000000000100000000000000100000000000000000
00000000000000100000000000011000000000000010001000000000000100000000000000100000000000000000
00000000000000100000000000011000000000000010001100000000000100000000000000100000000000000000
00000000000000100000000000011000000000000010001100000000000100010000000000100000000000000000
00000000000000100000000000011000000000000010001110000000000100010000000000100000000000000000
00000000000000100000000000011001000000000010001110000000000100010000000000100000000000000000
00000000000000101000000000011001000000000010001110000000000100010000000000100000000000000000
00000001000000101000000000011001000000000010001110000000000100010000000000100000000000000000
00000001000000101010000000011001000000000010001110000000000100010000000000100000000000000000
00000001000000101010000000011001001000000010001110000000000100010000000000100000000000000000
00000001000000101010000000011001001000000010001110001000000100010000000000100000000000000000
00000001000000101010000000011001001000000010001110001000000100010000000000100000000000000000
00000001000000101010000000011001001000000010001110001000000100010000100000100000000000000000
00000001000000101010000000011001001000000010001110001100000100010000100000100000000000000000
00000001000000101010000000011001001010000010001110001100000100010000100000100000000000000000
00000001000000101010010000011001001010000010001110001100000100010000100000100000000000000000
00000001001000101010011000011001001010000010001110001100000100010000100000100000000000000000
00000001001000101010011000011001001010100010001110001100100100010000100010100000000000000000
00000001001000101010011000011001001010100010001110001100110100010000100010100000000000000000
00000001001000101010011000011001001010101010001110001100110100010000100010100000000000000000
00000001001000101010011001011001001010101010001110001100110100010000100010100000000000000000
00000001001001101010011001011001001010101010001110001100110100010000100010100000000000000000
01000000000000000000000000000000100010001000001000000000000000000000000000000000000000000000
01000000000000000000000000000000100010001000001000000000000000000000000000000000000000000000
01000000000000000000000000000000100010001000001000000000000000000000000000000000000000000000
01000000000000000000000000000000100010001000001000000000000000000000000000000000000000000000
01000000000000000000000000000000100010001000001000000000000000000000000000000000000000000000
01000000000000000000000000000000100010001000001000000000000000000000000000000000000000000000
01000000000000000000000000000000100010001000001000000000000000000000000000000000000000000000
01000000000000000000000000000000100010001000001000000000000000000000000000000000000000000000
