00000000000000000000000000000000000000000000000000000000000000000000000000000000000000000000
00000000000000000000100000000000000000000000000000000000000000000000000000000000000000000000
00000000010000000001010000000000000110000000000000000000000000000000000000000000000000000000
00010000111000000011011000000000001111000000000000001110000000000000000000000000000000000000
01110000111100010111011110000000111111000000000000001111000000000001101100000000010000000000
01110000101100010110001110000000111001000000000000001111000000000001101100000000010000000000
01100100000100111100000110000001110000011000000000001101000000000001101100000000010110000000
00000100000001111000000010010011100000011000010000000000011000000011100100000000110110000011
00000000000001000000000000110010000000001100110000000000001000000110000000000000100000000011
00000000000000000000000000001000000000000101000110000000000100000000000000000010000001101000
00000000000000000000000000000000000000000001000100000000000111100000000000010110000000100000
00000000000000000000000000000000000000000000000000000000000011100000000000010100000000000000
00000000000000000000000000000000000000000000000000000000000011000000000000010100000000000000
00000000000000000000000000000000000000000000000000000000000010000000000000010100000000000000
00000000000000000000000000000000000000000000000000000000000000000000000000010100000000000000
00000000000000000000000000000000000000000000000000000000000000000000000000000100000000000000
00000000000000000000000000000000000000000000000000000000000000000000000000001000000000000000
