00010000010000000000100000000000000010000000000000000010000000000000001000000000000100000010
00001000001000000000010000000000000001000000000000000001000000000000000100000000000010000001
00000100000100000000001000000000000000100000000000000000100000000000000010000000000001010000
00000000000010010000000100000000000000010000000000000000010000000000000001000000000000101000
00100000000001000000000010000000000000001000000000000000001000000000000000100100000000000100
00010000000000100000000001000000000000000100000000000000000100000000000000010010000000000010
00001000000000000000000000100100000000000010000000000000000010000000000000001001000000000001
00000110000000000000000000010000000000000001000000000000000001100000000000000000100000010000
00000001000000010000000000001000000000000000001100000000000000010000000000000000010000001000
00100000100000000000000000000000000000000000110010000000000000001000000000000000001100000100
00010000010000000000000000000011000000000000000001000000000000000100000000000000000010000010
00001000001000001000000000000000100000000000000000100000000000000010000000000000000001000001
00000100000100000100000000000000010000000000000000010000000000000001000000000000000000110000
00000000000010010010000000000000001000000000000000001000000000000000100000000100000000001000
00100000000001000001000000000000000100000000000000000100000000000000010000000010000000000100
00010000000000100000100000000000000010000000000000000010000000000000001000000001000000000010
00001000000000000000010000000100000001000000000000000001000000000000000100000000100000000001
00000110000000000000001000000000000000100000000000000000100000000000000010000000010000010000
00000001000000010000000100000000000000010000000000000000010000000000000001000000001000001000
00100000100000000000000010000000000000001000000000000000001000000000000000100000000000000100
00010000000000000000000001000000000000000100000000000000000100000000000000010000000000000010
00001000000000000000000000100000000000000010000000000000000010000000000000001000000000000001
00000100000000000000000000010000000000000001000000000000000001100000000000000000000000010000
00000000000000010000000000001000000000000000001100000000000000010000000000000000000000001000
00100000000000000000000000000000000000000000110010000000000000001000000000000000000000000100
00010000000000000000000000000011000000000000000001000000000000000100000000000000000000000010
00001000000000001000000000000000100000000000000000100000000000000010000000000000000000000001
00000100000000000100000000000000010000000000000000010000000000000001000000000000000000010000
00000000000000010010000000000000001000000000000000001000000000000000100000000000000000001000
00100000000000000001000000000000000100000000000000000100000000000000010000000000000000000100
