00001000100000000100100000000000001111000000000001001000000000000000000000000000110000000010
01011001101000000001100001000001001100000000000000011100000000000000000000000000100000000100
00000000000000000001000000000000000000000000000000000000000000000000000000000000000000000000
00000000000000101000000000000000000010000000000000000000000000000000000000000000000000000000
01011001111000000111110000000100111110000000000000000000000000000000000000000000000000000000
00000001000000000000000000000010000010000000000000000000000000000000000000000000000000000000
00000000100000000001000000000001011111000000000000000100000000000000100000000000010000000100
00000000100000000000000000000000000001000000000001000000000000000000000000000000000000000000
01011001111000000111110000000000111111000000000001011100000000001111010000000000111000000110
01011001111000000111110000000000111111000000000001011100000000001111010000000000111000000110
01011001111000000111110000000000111111000000000001011100000000001111010000000000111000000110
01011001111000000111110000000000111111000000000000000000000000000000000000000000000000000000
01011001111000000111110000000000111111000000000001011100000000001111010000000000111000000110
01011001111000000111110000000000111111000000000001011100000000001111010000000000111000000110
01011001111000000111110000000000111111000000000001011100000000001111010000000000111000000110
01011001111000000111110000000000111111000000000001011100000000001111010000000000111000000110
01011001111000000111110000000000111111000000000001011100000000001111010000000000111000000110
00000000000000000000000000000000000001000000000001011100000000001111010000000000111000000110
01011001111000000111110000000000111111000000000001011100000000001111010000000000111000000110
01011001111000000111110000000000111111000000000001011100000000001111010000000000111000000110
01011001111000000111110000000000111111000000000001011100000000001111010000000000111000000110
01011001111000000111110000000000111111000000000001011100000000001111010000000000111000000110
01011001111000000111110000000000111111000000000001011100000000001111010000000000111000000110
01011001111000000111110000000000111111000000000001011100000000001111010000000000111000000110
01011001111000000111110000000000111111000000000001011100000000001111010000000000111000000110
01010001100000000111100000000000111101000000000001011000000000001111000000000000000000000000
01011001111000000111110000000000111111000000000001011100000000001111010000000000111000000110
00000000001000000000110000000000000111000000000000001100000000000001010000000000111000000110
01011001111000000111110000000000111111000000000001011100000000001111010000000000111000000110
01011001111000000111110000000000111111000000000001011100000000001111010000000000111000000110
01011001111000000111110000000000111111000000000001011100000000001111010000000000111000000110
01001001101000000111010000000000111011000000000001010100000000000100010000000000101000000110
01011001111000000111110000000000111111000000000001011100000000001111010000000000111000000110
00000000000000000000000000000001000100001000000000000000000000000000000000000000000000000000
01011001101000000001100001000001001100000000000000011100000000000000000000000000100000000100
01000000001001001000000000000000010100000000000000000100000000001111110000000000111000001110
00000000000000101000000000000000000010000000000000000000000000000000000000000000000000000000
01011001111000000111110000000100111110000000000000000000000000000000000000000000000000000000
00000001000000000000000000000010000010000000000000000000000000000000000000000000000000000000
00000000100000000001000000000001011111000000000000000100000000000000100000000000010000000100
00000000100000000000000000000000000001000000000001000000000000000000000000000000000000000000
01011001111000000111110000000000111111000000000001011100000000001111010000000000111000000110
01011001111000000111110000000000111111000000000001011100000000001111010000000000111000000110
01011001111000000111110000000000111111000000000001011100000000001111010000000000111000000110
00011000011000000011110000000000011111000000000000011100000000000001010000000000000000000000
01011001111000000111110000000000111111000000000001011100000000001111010000000000111000000110
01011001101000000000000000000000100001000000000001000000000000001110000000000000111000000110
01011001111000000111110000000000111111000000000001011100000000001111010000000000111000000110
01011001111000000111110000000000111111000000000001011100000000001111010000000000111000000110
01011001111000000111110000000000111111000000000001011100000000001111010000000000111000000110
01011001111000000111110000000000111111000000000001011100000000001111010000000000111000000110
00000000000000000000000000000000000000000000000000000000000000000000000000000000000000000000
00000000000000000000000000000000000000000000000000000000000000000000000000000000000000000000
00000000000000000000000000000000000000000000000000000000000000000000000000000000000000000000
00000000000000000000000000000000000000000000000000000000000000000000000000000000000000000000
00000000000000000000000000000000000000000000000000000000000000000000000000000000000000000000
01011001111000000111110000000000111111000000000001011100000000001111010000000000111000000110
01011001111000000111110000000000111111000000000001011100000000001111010000000000111000000110
01011001111000000111110000000000111111000000000001011100000000001111010000000000111000000110
01011001111000000111110000000000111111000000000001011100000000001111010000000000111000000110
01011001111000000111110000000000111111000000000001011100000000001111010000000000111000000110
