00000000000000000000000000000000000000000000000000000000000000000000000000000000000000011111
00000000000000000000000000000000000000000000000000000000000000000000000000000101010101011111
00000000000000000000000000000000000000000000000000000000000000001001001001001101010101011111
00000000000000000000000000000000000000000000000011011011011011001001001001001101010101011111
00000000000000000000000000000001001001001001000011011011011011001001001001001101010101011111
00000000000000001011011011011011001001001001000011011011011011001001001001001101010101011111
00000010101010101011011011011011001001001001000011011011011011001001001001001101010101011111
00111110101010111011011011011011001001001001000011011011011011001001001001001101010101011111
01111110101010111011011011011011001001001001000011011011011011001001001001001101010101000000
01111110101010111011011011011011001001001001000011011011011011001001001001001000000000000000
01111111111111111011011011011111001001001001000011011011011011000000000000000000000000000000
01111111111111111111111111111111001001001001100000000000000000000000000000000000000000000000
01111111111111111111111111111111111111111111111000000000000000000000000000000000000000000000
01111111111111111111111111111111111111111111111000000000000000000000000000000000000000000000
01111111111111111111111111111111111111111111111000000000000000000000000000000000000000000000
01111111111111111111111111111111111111111111111000000000000000000000000000000000000000000000
00000000000000000000000000000000000000000000000000000001000000000000000000000000000000000000
00000000000000000000000000000000000000000000000000000001000000000000000000000000000000000000
00000000000000000000000000000000000000000000000000000001000000000000000000000000000000000000
00000000000000000000000000000000000000000000000000000001000000000000000000000000000000000000
00000000000000000000000000000000000000100000000000000001000000000000000000000000000000000000
00000000000000000000000000000000000000100000000000000001000000000000001000000000000000000000
00000000000000000000000100000000000000100000000000000001000000000000001000000000000000000000
00000000000000000000000100000000000000100000000000000011000000000000001000000000000000000000
00000000000000000000000110000000000000100000000000000011000000000000001000000000000000000000
00000000000000000000000110000000000000100000000000000111000000000000001000000000000000000000
00000000000000000000000111000000000000100000000000000111000000000000001000000000000000000000
00000000000000000000000111000000000100100000000000000111000000000000001000000000000000000000
00000000000000000000000111000000000100100100000000000111000000000000001000000000000000000000
00000000000000000000000111000000001100100100000000000111000000000000001000000000000000000000
00000000000000000000000111000000001100100100000000000111000100000000001000000000000000000000
00000000000000000010000111000000001100100100000000000111000100000000001000000000000000000000
00000000000000000010000111000000001100100100000000000111000100000000001000010000000000000000
00000000000000000110000111000000001100100100000000000111000100000000001000010000000000000000
00000000000000000110000111000000001100100100000000000111000110000000001000010000000000000000
00000000000000000110000111000000101100100100000000000111000110000000001000010000000000000000
00000000000000000110000111000000101100100101000000000111000110000000001000010000000000000000
00000000000000000110000111000000101100100101000001000111000110000000001000010000000000000000
00000000000000000110000111001000101100100101000001000111000110000000001000010000000000000000
00000000000000000110000111001000101100100101000011000111000110000000001000010000000000000000
00000000000000000110000111001000101100100101100011000111000110000000001000010000000000000000
00000000000000000110000111001000101100100101110011000111000110000000001000010000000000000000
00000000000000000110000111001000101100100101110011000111000110000000001000010000000000000000
00000000000000000110000111001000101100100101110011000111000110000000001000010000000000000000
00000001100111101001101000110111000011000010000000000000000000000000000000000000000000000000
00000001100111101001101000110111000011000010000000000000000000000000000000000000000000000000
01111110011000010000010000000000000000000000000000000000000000000000000000000000000000000000
01111110011000010000010000000000000000000000000000000000000000000000000000000000000000000000
01111110001000110000011000000000000001000000000000000000000000000000000000000000000000000000
01111110001000110000011000001110000001000000100000000000000000000000000000000000000000000000
01111110001000110000011000001110000001000000111000000000000000000000000000000000000000000000
01111110001000110000011000001110000001000000111100000000000000000000000000000000000000000000
01111110001000110000011000001110000001000000111100000000000000000000000000000000000000000000
01111110001000110000011000001110000001000000111100000000000000000000000000000000000000000000
00111110001000100000011000001010000001000000011100000000000000000000000000000000000000000000
00000001110111001000011000010001000001000001000010000000000001110000000000000010000000000000
00000000000000000111100111100000100011100010000001000000000010111000000000001000000000000000
00000000000000000111100111100000100011100010000001000000000010111000000000001000000000000000
00000000000000000000000000000000011100111110000111100111000011000000000000000000000000000000
00000000000000000000000000000000000000000000000111111111111111000000000000000000000000000000
00000000000000000000000000000000000000000000000111111111111111000000000000000000000000000000
00000000000000000000000000000000000000000000000111111111111111000000000000000000000000000000
00000000000000000000000000000000000000000000000111111111111111000000000000000000000000000000
00000000000000000000000000000001111111111111011111111111111111000000000000000000000000000000
00000000000000001111111111111011111111111111111111111111111111000000000000000000000000000000
00000000000000001111111111111011111111111111111111111111111111111111111111111000000000000000
00000011111111101111111111111111111111111111111111111111111111111111111111111000000000000000
00000011111111101111111111111111111111111111111111111111111111111111111111111111111111100000
00111111111111111111111111111111111111111111111111111111111111111111111111111111111111100000
00111111111111111111111111111111111111111111111111111111111111111111111111111111111111111111
01111111111111111111111111111111111111111111111111111111111111111111111111111111111111111111
01111111111111111111101111111111111111111111111111111111111111111111111111111111111111111111
01111111100111111111000111111111111100111111111111111111111111111111111111111111111111111111
01100111000011111110000011111111111000011111111111111000111111111111111111111111111111111111
00000110000011111100000011111111110000011111111111110000111111111111111111111111111111111111
00000000000001101000000001111111100000001111111111100000011111111110000111111111111111111111
00000000000001101000000001111111100000001111111111100000011111111110000011111111100011111111
00000000000001100000000001111111000000001111111111000000011111111100000011111111100011111111
00000000000000000000000000111000000000000111111110000000001111111000000001111111000001111001
00000000000000000000000000000000000000000011001100000000000111110000000000111110000000110000
00000000000000000000000000000000000000000000000000000000000011100000000000011100000000000000
00000000000000000000000000000000000000000000000000000000000000000000000000000000000000000000
01111111111111111111111111111111111111111111111111111111111111111111111111111111111111111111
01111111111111111111111111111111111111111111111111111111111111111111111111111111111111111111
00000010000000100100000000100000010000000100000000010000001000000001000001000000001010000000
00000010000000100100000010100000010000001100000000010000001000000001000001000000001010000000
00000010001100100100000010100000010000001100000000010000001000000001000001000000001010000000
00000010011100100101000010100000010000001100000000010000001000000001000001000000001010000000
00000010011100100101000010100000011000001100000000010000001000000011000001000000001010000000
00000010011100100101000010100000011000001100000000010000001000000011000001000000101010001000
00000010011100100101000010100000011000001100000000010000001000000011000001100000101010111000
00000010011100100101000010100000011000001100000111111101111111000011000001100000101010111000
