00000000000000000000000000100000000000000000000000000000000000000000000000000000000000000000
00000000000000000000000000100000000000000000000000000000000000000000000000000000000000000000
00000000000001000000000001110000000000000110000000000000000000000000000000000000000000000000
00000000000001000000000001110000000000000110000000000000000000000000000000000000000000000000
00000100000011100000000011111000000000001111000000000000001110000000000000000000000000000000
00000100000011100000000011111000000000001111000000000000001110000000000000000000000000000000
01001100000111110000000111011100000000011111101000000000011111000000000001111000000000000000
01001100000111110000000111011100000000011111101000000000011111000000000001111000000000000000
01111110001110110000001110001110000000111001111100000000111111100000000011111100000001100000
01111110001110110000001110001110000000111001111100000000111111100000000011111100000001100000
01111110001110110000001110001110000000111001111100000000111111100000000011111100000001100000
01111011111100011000011100000111000001110000111110000001110001110000000111111110000011110001
01111011111100011000011100000111000001110000111110000001110001110000000111111110000011110001
01111011111100011000011100000111000001110000111110000001110001110000000111111110000011110001
01111110001110110000001110001110000000111001111100000000111011100000000011111100000001100000
01111110001110110000001110001110000000111001111100000000111011100000000011111100000001100000
01001100000111110000000111011100000000011111101000000000011111000000000001111000000000000000
01001100000111110000000111011100000000011111101000000000011111000000000001111000000000000000
00000100000011100000000011111000000000001111000000000000001110000000000000000000000000000000
00000100000011100000000011111000000000001111000000000000001110000000000000000000000000000000
00000000000001000000000001110000000000000110000000000000000000000000000000000000000000000000
00000000000001000000000001110000000000000110000000000000000000000000000000000000000000000000
00000000000000000000000000100000000000000000000000000000000000000000000000000000000000000000
00000000000000000000000000100000000000000000000000000000000000000000000000000000000000000000
00000000000000000000000000000000000000000000000000000000000000000000000000000000000000000000
