00000000000000000000000000000000001000000000000000010000000000000010000000000000000000000000
00000000000000000001000000000000001000000000000000010000000000000000000000000000000000000000
00010000010000000001000000000000001000000000000000000000000000000000000000000000000000000000
01010000010000000001010000000000000000000000000000000000000000000000000000000000000000000000
01010000010000010000010000000000000001000000000000000000000000000000000000000000000000000000
00000000000000000000010000000000000001000000000000000001000000000000000000000000000000000000
00000000000000000000000000000000000001000000000000000001000000000000000100000000000010000000
00000000000000000000000000000000000000000000000000000001100000000000000100000000000010000010
00000000000000000000000000000000000000010000000000000000100000000000000100000000000010000110
00000000000000000000000010000000000000010000000000000000100000000000000000000000000000000000
00001000000010000000000010000000000000010000000000000000000000000000000000000000000000000000
00011000000011000000000010000000000000000000000000000000000000000000000000000000000000000000
00011000100011000000000000010000000000000000000000000000000000000000000000000000000000000000
00000000000001000000000000010000000000000001000000000000000000000000000000000000000000000000
00000000000000000000000000010000000000000001000000000000000001000000000000000000000000000000
00000000000000000000000000000000000000000001000000000000000001100000000000000010000000000000
00000000000000000000000000000000000000000000000100000000000001100000000000000010000000010000
00000000000000000000000000000000000000000000010100000000000000100000000000000010000000010001
00000000000000000000000000000010000000000000010100000000000000000000000000000000000000000000
00000010000000010000000000000010000000000000010000000000000000000000000000000000000000000000
00000111000000010000000000000010000000000000000000000000000000000000000000000000000000000000
00000111000010010010000000000000000000000000000000000000000000000000000000000000000000000000
00000001000000000010000000000000001000000000000000000000000000000000000000000000000000000000
00000000000000000010000000000000001000000000000000001000000000000000000000000000000000000000
00000000000000000000000000000000001000000000000000001000000000000000100000000000001000000000
00000000000000000000000000000000000000000000000000001100000000000000100000000000001000000100
00000000000000000000000000000000000010000000000000000100000000000000100000000000001000001100
00000000000000000000010000000000000010000000000000000100000000000000000000000000000000000000
00010000001000000000010000000000000010000000000000000000000000000000000000000000000000000000
00110000001100000000010000000000000000000000000000000000000000000000000000000000000000000000
00110010001100000000000010000000000000000000000000000000000000000000000000000000000000000000
00000000000100000000000010000000000000001000000000000000000000000000000000000000000000000000
00000000000000000000000010000000000000001000000000000000001000000000000000000000000000000000
00000000000000000000000000000000000000001000000000000000001000000000000000100000000000100000
00000000000000000000000000000000000000000000000000000000001100000000000000100000000000100001
00000000000000000000000000000000000000000010000000000000000100000000000000100000000000100011
00000000000000000000000000010000000000000010000000000000000100000000000000000000000000000000
00000100000000100000000000010000000000000010000000000000000000000000000000000000000000000000
00001100000000100000000000010100000000000000000000000000000000000000000000000000000000000000
00001100001000100000000000000110000000000000000000000000000000000000000000000000000000000000
00000000000000000000000000000111000000000000000000000000000000000000000000000000000000000000
00000000000000000000000000000011000000000000000001000000000000000000000000000000000000000000
00000000000000000000000000000001000000000000000001000000000000000100000000000000000000000000
