00000000000000000000000000000000001000000000000000010000000000000010000000000000000000000000
00000000000000000001000000000000001000000000000000010000000000000000000000000000000000000000
00000000010000000001000000000000001000000000000000000000000000000000000000000000000000000000
00000000010000000001010000000000000000000000000000000000000000000000000000000000000000000000
00000000010000000000010000000000000001000000000000000000000000000000000000000000000000000000
00000000000000000000010000000000000001000000000000000001000000000000000000000000000000000000
00000000000000000000000000000000000001000000000000000001000000000000000100000000000000000000
00000000000000000000000000000000000000000000000000000001100000000000000100000000000000000000
00000000000000000000000000000000000000010000000000000000100000000000000100000000000000000000
00000000000000000000000010000000000000010000000000000000100000000000000000000000000000000000
00000000000010000000000010000000000000010000000000000000000000000000000000000000000000000000
00000000000011000000000010000000000000000000000000000000000000000000000000000000000000000000
00000000000011000000000000010000000000000000000000000000000000000000000000000000000000000000
00000000000001000000000000010000000000000001000000000000000000000000000000000000000000000000
00000000000000000000000000010000000000000001000000000000000001000000000000000000000000000000
00000000000000000000000000000000000000000001000000000000000001100000000000000000000000000000
00000000000000000000000000000000000000000000000100000000000001100000000000000000000000000000
00000000000000000000000000000000000000000000010100000000000000100000000000000000000000000000
00000000000000000000000000000010000000000000010100000000000000000000000000000000000000000000
00000010000000000000000000000010000000000000010000000000000000000000000000000000000000000000
00000011000000000000000000000010000000000000000000000000000000000000000000000000000000000000
00000011000000000010000000000000000000000000000000000000000000000000000000000000000000000000
00000001000000000010000000000000001000000000000000000000000000000000000000000000000000000000
00000000000000000010000000000000001000000000000000001000000000000000000000000000000000000000
00000000000000000000000000000000001000000000000000001000000000000000100000000000000000000000
00000000000000000000000000000000000000000000000000001100000000000000100000000000000000000000
00000000000000000000000000000000000010000000000000000100000000000000100000000000000000000000
00000000000000000000010000000000000010000000000000000100000000000000000000000000000000000000
00000000001000000000010000000000000010000000000000000000000000000000000000000000000000000000
00000000001100000000010000000000000000000000000000000000000000000000000000000000000000000000
00000000001100000000000010000000000000000000000000000000000000000000000000000000000000000000
00000000000100000000000010000000000000001000000000000000000000000000000000000000000000000000
00000000000000000000000010000000000000001000000000000000001000000000000000000000000000000000
00000000000000000000000000000000000000001000000000000000001000000000000000100000000000000000
00000000000000000000000000000000000000000000000000000000001100000000000000100000000000000000
00000000000000000000000000000000000000000010000000000000000100000000000000100000000000000000
00000000000000000000000000010000000000000010000000000000000100000000000000000000000000000000
00000000000000100000000000010000000000000010000000000000000000000000000000000000000000000000
00000000000000100000000000010100000000000000000000000000000000000000000000000000000000000000
00000000000000100000000000000110000000000000000000000000000000000000000000000000000000000000
00000000000000000000000000000111000000000000000000000000000000000000000000000000000000000000
00000000000000000000000000000011000000000000000001000000000000000000000000000000000000000000
00000000000000000000000000000001000000000000000001000000000000000100000000000000000000000000
