00000000000000000000110000000000000111000000000000000110000000000000000000000000000000000000
00000000000000000000011000000000000011100000000000000011000000000000000000000000000000000000
00000000000000000000001100000000000001110000000000000001100000000000000000000000000000000000
00000000000000000000000110000000000000111000000000000000110000000000000000000000000000000000
00000000000000000000000011000000000000011100000000000000011000000000000000000000000000000000
00000000000000000000000001100000000000001110000000000000001100000000000000000000000000000000
00000000000000000000000000110000000000000111000000000000000110000000000000000000000000000000
00000000000000000000000000011000000000000011001000000000000011000000000000000000000000000000
00000000000000000000000000001000000000000001111100000000000001000000000000000000000000000000
00000000000000000000000000000000000000000000011110000000000001110000000000000000000000000000
00000000000000000000000000000000000000000000000110000000000000111000000000000011000000000000
00000000000000000000000000000000000000000000000000000000000000011100000000000011100000001000
00000000000000000000000000000000000000000000000000000000000000000110000000000001110000001100
00000000000000000000000000000000000000000000000000000000000000000011100000000000111000000100
00000000000000000000000000000000000000000000000000001100000000000001110000000000011000000000
00000000000000000000000000000000000110000000000000001110000000000000110000000000000000000000
00000000000000000000110000000000000111000000000000000110000000000000000000000000000000000000
00000000011000000000111000000000000011000000000000000000000000000000000000000000000000000000
00011000011100000000011000000000000000000000000000000000000000000000000000000000000000000000
01011100001110000000000000000000000000000000000000000000000000000000000000000000000000000000
01001100000011110000000000000000000000000000000000000000000000000000000000000000000000000000
00000100000001110000000000011100000000000000000000000000000000000000000000000000000000000000
00000000000000100000000000011100000000000001101000000000000000000000000000000000000000000000
00000000000000000000000000001000000000000001111100000000000001000000000000000000000000000000
00000000000000000000000000000011000000000000111110000000000000000000000000000000000000000000
00000000000000001000000000000011100000000000010011000000000000000000000000000000000000000000
00000000000000001100000000000001110000000000000001100000000000000000000000000000000000000000
00000000000000000110000000000000111000000000000000110000000000000000000000000000000000000000
00000000000000000011000000000000011100000000000000011000000000000000000000000000000000000000
00000000000000000001100000000000001110000000000000001100000000000000000000000000000000000000
