00111100000000010000000000000000000000000000000000000000000000000000000000000000000000000000
01111100000000010000000000000000000000000000000000000000000000000000000000000000000000000000
00111111111111110000000000000100000000000000000000000000000000000000000000000000000000000000
01000011111111100000000000000100000000000000000000000000000000000000000000000000000000000000
00111110101010111011011011011010000000000000000000000000000000000000000000000000000000000000
00111101010101010100100100100100110110110110111000000000000000000000000000000000000000000000
00111101010101010100100100100101101101101101101000000000000000000000000000000000000000000000
00000010101010101011011011011011111111111111011000000000000000000000000000000000000000000000
00000000000000001111111111111010000000000000100000000000000000000000000000000000000000000000
00000011111111100000000000000101111111111111011000000000000000000000000000000000000000000000
00000011111111100000000000000100110110110110011011011011011011000000000000000000000000000000
00000010101010100100100100100000110110110110111011011011011011001001001001001000000000000000
00000010101010100100100100100000000000000000100011011011011011001001001001001101010101000000
00000011111111100000000000000100110110100110011000000000000000001001001001001101110111100000
00000001010101000000000000000101101101101101001000000000000000100100100100100011101110100000
00111100000000010000000000000000110110110110011000000000000000011011011011011000000100011111
00111100000000010010010010010010000000000000000001001001001001000000000000000010101010111111
00111101010101010100100100100100010010010010110010010010010010101101101101101111111111100000
00111110101010111001001001001000100100100100001100100100100100010010010010010101010101000000
00111110101010110010010010010011001001001001000001001001001001100100100100100010101010100000
00000001010101000100100100100100010010010010110010010010010010001001001001001000000000000000
00000010101010101001001001001000100100100100001100100100100100000000000000000000000000000000
00000001010101000010010010010111001001001001000001001001001001000000000000000000000000000000
00000010101010100100100100100000010010010010110010010010010010000000000000000000000000000000
00111110101010111001001001001000100100100100001100100100100100000000000000000000000000000000
00000000000000000010010010010011001001001001000001001001001001000000000000000000000000000000
00000000000000000100100100100000010010010010110010010010010010000000000000000000000000000000
00000000000000001001001001001000100100100100001100100100100100000000000000000000000000000000
00000000000000000010010010010011001001001001000001001001001001000000000000000000000000000000
00000000000000000100100100100000010010010010110010010010010010000000000000000000000000000000
00000010101010101001001001001000100100100100001100100100100100000000000000000000000000000000
00000010101010100100100100100000100100100100101001001001001001000000000000000000000000000000
00000000000000000000000000000001111111111111011000000000000000000000000000000000000000000000
00000000000000001001001001001000100100100100001100100100100100000000000000000000000000000000
00000000000000000100100100100000100100100100101001001001001001000000000000000000000000000000
00000000000000000000000000000001111111111111011000000000000000000000000000000000000000000000
00000000000000001001001001001000100100100100001100100100100100000000000000000000000000000000
01111101010101010100100100100100000000000000100100100100100100000000000000000010101010100000
00111110101010110010010010010010010010010010010100100100100100100100100100100000000000000000
00000011111111101001001001001101111111111111011001001001001001001001001001001000000000000000
00000000000000001111111111111010000000000000100111111111111111000000000000000000000000000000
00000011111111100000000000000101111111111111011000000000000000111111111111111000000000000000
00000011111111100000000000000100000111111000000111111000001111000000000110000000000000000000
00111100000000011111111111111010000000000000100111111111111111000000000000000111111111100000
01000011111111100000000000000100000000000000000000000000000000111111111111111000000000011111
00111100000000010000000000000000000000000000000000000000000000000000000000000111111111100000
01000001010101000000000000000100000000000000000000000000000000000000000000000000000000011111
00111100000000010100100100100000000000000000100000000000000000000000000000000101010101011111
00111100000000010100100100100000000000000000100100100100100100000000000000000010101010100000
00000000000000000100100100100000000000000000100100100100100100000000000000000010101010100000
00000000000000000000000000000000000000000000000100100100100100000000000000000010101010100000
00000000000000000000000000000000000000000000000000000000000000100100100100100000000000011111
00000000000000000000000000000000000000000000000000000000000000000000000000000101010101000000
00000000000000000000000000000000000000000000000000000000000000000000000000000000000000011111
00000000000000000000000000000000000000000000000000000000000000000000000000000010101010100000
00000000000000000000000000000000000000000000000000000000000000100100100100100000000000000000
00000000000000000000000000000000000000000000000001001001001001000000000000000000000000000000
00000000000000000000000000000001001001001001000000000000000000000000000000000000000000000000
00000000000000000010010010010010000000000000000000000000000000000000000000000000000000000000
00000001010101000000000000000100000000000000000000000000000000000000000000000000000000000000
