00000000000000000000000000000000000000000000000000000000000000000000000000000000000000011111
00000000000000000000000000000000000000000000000000000000000000000000000000000101010101011111
00000000000000000000000000000000000000000000000000000000000000001001001001001101010101011111
00000000000000000000000000000000000000000000000011011011011011001001001001001101010101011111
00000000000000000000000000000001001001001001000011011011011011001001001001001101010101011111
00000000000000001011011011011011001001001001000011011011011011001001001001001101010101011111
00000010101010101011011011011011001001001001000011011011011011001001001001001101010101011111
00111110101010111011011011011011001001001001000011011011011011001001001001001101010101011111
01111110101010111011011011011011001001001001000011011011011011001001001001001101010101000000
01111110101010111011011011011011001001001001000011011011011011001001001001001000000000000000
01111111111111111011011011011111001001001001000011011011011011000000000000000000000000000000
01111111111111111111111111111111001001001001100000000000000000000000000000000000000000000000
01111111111111111111111111111111111111111111111000000000000000000000000000000000000000000000
01111111111111111111111111111111111111111111111000000000000000000000000000000000000000000000
01111111111111111111111111111111111111111111111000000000000000000000000000000000000000000000
01111111111111111111111111111111111111111111111000000000000000000000000000000000000000000000
00000000000000000000000000000000000000000000000000000001000000000000000000000000000000000000
00000000000000000000000000000000000000000000000000000001000000000000000000000000000000000000
00000000000000000000000000000000000000000000000000000001000000000000000000000000000000000000
00000000000000000000000000000000000000000000000000000001000000000000000000000000000000000000
00000000000000000000000000000000000000100000000000000001000000000000000000000000000000000000
00000000000000000000000000000000000000100000000000000001000000000000001000000000000000000000
00000000000000000000000100000000000000100000000000000001000000000000001000000000000000000000
00000000000000000000000100000000000000100000000000000011000000000000001000000000000000000000
00000000000000000000000110000000000000100000000000000011000000000000001000000000000000000000
00000000000000000000000110000000000000100000000000000111000000000000001000000000000000000000
00000000000000000000000111000000000000100000000000000111000000000000001000000000000000000000
00000000000000000000000111000000000000100000000000001111000000000000001000000000000000000000
00000000000000000000000111000000000000100100000000001111000000000000001000000000000000000000
00000000000000000000000111000000001000100100000000001111000000000000001000000000000000000000
00000000000000000000000111000000001000100100000000001111000100000000001000000000000000000000
00000000000000000010000111000000001000100100000000001111000100000000001000000000000000000000
00000000000000000010000111000000001000100100000000001111000100000000001000010000000000000000
00000001000000000010000111000000001000100100000000001111000100000000001000010000000000000000
00000001000000000010000111000000001000100100000000001111000100000000001000010100000000000000
00000001000000001010000111000000001000100100000000001111000100000000001000010100000000000000
00000001000000001010000111000000001000100100000000001111000100100000001000010100000000000000
00000001000000001010000111000001001000100100000000001111000100100000001000010100000000000000
00000001000000001010000111000001001000100100000100001111000100100000001000010100000000000000
00000001000000001010000111000001001000100100010100001111000100100000001000010100000000000000
00000001000000001010000111000001001000100100010100001111000100100000001000010100000000000000
00000001000000001010000111000001001000100100010100001111000100100000001000010100000000000000
00000001000000001010000111000001001000100100010100001111000100100000001000010100000000000000
00000001000000001010000111000001001000100100010100001111000100100000001000010100000000001000
