00000100000001000000000001110000000000000110000000000000000000000000000000000000000000000000
01000100000011100000000000100000000000000000000000000000000000000000000000000000000000000000
01111100100001010000000000100000000000000000000000000000000000000000000000000000000000000000
01111100100001010001000000000000000000000000000000000000000000000000000000000000000000000000
01110010101000000001001000000010000000000000000000000000000000000000000000000000000000000000
01110010101000000001001000000010000100100000010000000100000000000000000000000000000000000000
00110010101000000001001000000010000100100000010111111111100000000000000000000000000000000000
00011000100010000010000001000000010000000100000111111111111111000000000000000000000000000000
00011100101010100010010001001000010010000100001111111111111111000000000000000000000000000000
00011100101010100010010001001000010010000100001111111111111111000000000000000000000000000100
00011100101010100010010001001000010010000100001111111111111111000000000000000000001000001100
00011100101010100010010001001000010010000100001111111111111111000000000000000011100000010110
00011100101010100010010001001000010010000100001111111111111111000000000000000000000000001000
00011100101010100010010001001000010010000100001111111111111111100000010000000010001000001100
00011000101000000010010000000000010010000000001111111111111111100000010000000010001000001100
00001100000010100000000001001000010000000100001111111111111111100000010000000010001000001100
00000000000000000000000000000000000000000000000111111111111111100010010001000010101001001101
00000000000000000000000000000001111111111111011111111111111111000000000000000000000000000000
00000000000000001111111111111011111111111111111000000000000000000000000000000000000000000000
00000001111111101111111111111100000000000000100000000000000000000000000000000000000000000000
00000011111111101111111111111010000000000000000000000000000000000000000000000000000000000000
00000011111111001111111111110110000000000000100000000000000000000000000000000000000000000000
00000011111110101111111111101110000000000000100000000000000000000000000000000000000000000000
00000011111101101111111111011110000000000000100000000000000000000000000000000000000000000000
00000011111110101111111111011110000000000000100000000000000000000000000000000000000000000000
00000011111100101111111110011110000000000000100000000000000000000000000000000000000000000000
00000011111101101111111110111110000000000000100000000000000000000000000000000000000000000000
00000011111011101111111101111110000000000000100000000000000000000000000000000000000000000000
00000011111111101111111111111110000000000000100000000000000000000000000000000000000000000000
00000011111111101111111111111110000000000000100000000000000000000000000000000000000000000000
