00000000100000000011000000000000000000000000000000000000000000000000000000000000000000000000
00000000000000000011000000000000001000000000000000000000000000000000000000000000000000000000
00000000000000000010000000000000011000000000000000000000000000000000000000000000000000000000
00000000000000000110000000000000010000000000000000000000000000000000000000000000000000000000
00000000000000000100000000000000110000000000000000000000000000000000000000000000000000000000
00000000000000000000000000000000110000000000000000100000000000000000000000000000000000000000
00000000000000000000000000000000100000000000000001100000000000000000000000000000000000000000
00000000000000000000000000000000000000000000000000100000000000000110000000000000000000000000
00000000000000000000000000000000000000000000000000000000000000000110000000000000100000000000
00000000000000000000000000000000000000000000000000000000000000000100000000000001100000000000
00000000000000000000000000000000000000000000000000000000000000000000000000000001100000001000
00000000000000000000000000000000000000000000000000000000000000000000000000000011000000001000
00000000000000000000000000000000000000000000000000000000000000000000000000000010000000011000
00000000000000000000000000000000000000000000000000000000000000000000000000000110000000010000
00000000000000000000000000000000000000000000000000000000000000000000000000000100000000110000
00000000000000000000000000000000000000000000000000000000000000000000000000000000000000110001
00000000000000000000000000000000000000000000000000000000000000000000000000000000000001100001
00000000000000000000000000000000000000000000000000000000000000000000000000000000000011000001
00000000000000000000000000000000000000000000000000000000000000000000000000000000000010000011
00000000000000000000000000000000000000000000000000000000000000000000000000000000000110000010
00000000000000000000000000000000000000000000000000000000000000000000000100000000000110000000
00000000000000000000000000000000000000000000000000000000000000000000001100000000000100000000
00000000000000000000000000000000000000000000000000000000000000000000011000000000000100000000
00000000000000000000000000000000000000000000000000000010000000000000011000000000000000000000
00000000000000000000000000000000000000000000000000000011000000000000001000000000000000000000
00000000000000000000000000000000000001000000000000000011000000000000000000000000000000000000
00000000000000000000000000000000000011000000000000000010000000000000000000000000000000000000
00000000000000000000010000000000000011000000000000000000000000000000000000000000000000000000
00000000000000000000110000000000000010000000000000000000000000000000000000000000000000000000
00000000000000000000100000000000000110000000000000000000000000000000000000000000000000000000
00000000000000000001100000000000000100000000000000000000000000000000000000000000000000000000
00000000000000000001000000000000001100000000000000000000000000000000000000000000000000000000
00000000000000000000000000000000001100000000000000001000000000000000000000000000000000000000
00000000000000000000000000000000001000000000000000011000000000000000000000000000000000000000
00000000000000000000000000000000011000000000000000010000000000000000000000000000000000000000
00000000000000000000000000000000010000000000000000110000000000000000000000000000000000000000
00000000000000000000000000000000000000000000000000110000000000000010000000000000000000000000
00000000000000000000000000000000000000000000000000100000000000000110000000000000000000000000
00000000000000000000000000000000000000000000000001100000000000000100000000000000000000000000
00000000000000000000000000000000100000000000000001100000000000000000000000000000000000000000
00000000000000000000000000000001100000000000000001000000000000000000000000000000000000000000
00000000000000001000000000000001100000000000000000000000000000000000000000000000000000000000
00000000000000001000000000000011000000000000000000000000000000000000000000000000000000000000
00000010000000001000000000000010000000000000000000000000000000000000000000000000000000000000
00000010000000000000000000000110000000000000000000000000000000000000000000000000000000000000
00000010000000010000000000000100000000000000000000000000000000000000000000000000000000000000
00000000000000110000000000000100000000000000000000000000000000000000000000000000000000000000
00000100000000110000000000000000000000000000000000000000000000000000000000000000000000000000
01000100000000010000000000000000000000000000000000000000000000000000000000000000000000000000
01001100000000000000000000000000000000000000000000000000000000000000000000000000000000000000
00001100000010000000000000000000000000000000000000000000000000000000000000000000000000000000
00001000000110000000000000000000000000000000000000000000000000000000000000000000000000000000
00000000000110000000000010000000000000000000000000000000000000000000000000000000000000000000
00000000000100000000000110000000000000000000000000000000000000000000000000000000000000000000
00000000000100000000001100000000000000000000000000000000000000000000000000000000000000000000
00000000000000000000001100000000000000100000000000000000000000000000000000000000000000000000
00000000000000000000000100000000000000110000000000000000000000000000000000000000000000000000
00000000000000000000000000000000000000110000000000000000100000000000000000000000000000000000
00000000000000000000000000000000000000100000000000000001100000000000000000000000000000000000
00000000000000000000000000000000000000000000000000000001000000000000001100000000000000000000
00000000000000000000000000000000000000000000000000000001100000000000000100000000000000000000
00000000000000000000000000000000000000000000000000000000000000000000000110000000000010000000
00000000000000000000000000000000000000000000000000000000000000000000000100000000000110000000
00000000000000000000000000000000000000000000000000000000000000000000000000000000000110000010
00000000000000000000000000000000000000000000000000000000000000000000000000000000001100000010
00000000000000000000000000000000000000000000000000000000000000000000010000000000001100000000
00000000000000000000000000000000000000000000000000000000000000000000110000000000001000000000
00000000000000000000000000000000000000000000000000000100000000000000110000000000000000000000
00000000000000000000000000000000000000000000000000001100000000000000100000000000000000000000
00000000000000000000000000000000000100000000000000001100000000000000000000000000000000000000
00000000000000000000000000000000001100000000000000001000000000000000000000000000000000000000
00000000000000000001000000000000001100000000000000000000000000000000000000000000000000000000
00000000000000000011000000000000001000000000000000000000000000000000000000000000000000000000
00000000100000000000000000000000010100000000000000000000000000000000000000000000000000000000
00000000100000000011000000000000011100000000000000000000000000000000000000000000000000000000
00100011100000011111000000000000111100000000000001111100000000000000000000000000000000000000
00000001000000001110000000000000110100000000000000001100000000000000000000000000000000000000
00000011100000001010000000000001111100000000000000101100000000000000000000000000000000000000
00000011100000001110000000000001111100000000000000101100000000000000000000000000000000000000
00000000000000000011000000000000011100000000000000011000000000000000000000000000000000000000
00000000000000000000000000000000000000000000000000000000000000000000000000000000000000000000
